1 0 0 0 0 1 0 0 0 0 1 0 
0.999867 0.00375678 0.0159009 -0.304799 -0.00378019 0.999992 0.00144216 0.0213597 -0.0158953 -0.00150208 0.999873 -0.914751 
0.99957 0.00386729 0.0290555 -0.497208 -0.00408583 0.999964 0.00746598 -0.111584 -0.0290256 -0.00758149 0.99955 -1.84003 
0.999146 0.00550845 0.040949 -0.707859 -0.00592957 0.999931 0.0101696 -0.169817 -0.0408902 -0.0104037 0.999109 -2.67435 
0.998564 0.00580517 0.0532522 -0.858404 -0.00646454 0.999904 0.0122181 -0.223873 -0.0531762 -0.0125448 0.998506 -3.59252 
0.997621 0.00752535 0.068528 -1.10507 -0.00856516 0.999852 0.0148923 -0.290025 -0.0684058 -0.0154438 0.997538 -4.53886 
0.996698 0.00628147 0.0809508 -1.28241 -0.00778405 0.999803 0.0182594 -0.35648 -0.0808201 -0.0188293 0.996551 -5.4283 
0.995263 0.00247531 0.0971872 -1.54277 -0.00437005 0.999804 0.0192878 -0.349789 -0.0971204 -0.0196212 0.995079 -6.38137 
0.994572 0.0013845 0.104045 -1.55877 -0.00367953 0.999754 0.0218693 -0.44216 -0.103989 -0.0221335 0.994332 -7.23719 
0.992883 0.000490187 0.119096 -1.78406 -0.00327303 0.999726 0.023172 -0.50264 -0.119052 -0.0233969 0.992612 -8.15612 
0.992164 -0.00512234 0.124841 -1.8146 0.00112018 0.999484 0.0321073 -0.730829 -0.124941 -0.0317159 0.991657 -8.91531 
0.98995 0.00231017 0.1414 -2.15274 -0.00708346 0.999422 0.0332632 -0.811974 -0.141242 -0.0339305 0.989393 -9.6752 
0.988239 0.0026126 0.152894 -2.36967 -0.00835504 0.999283 0.0369279 -0.889398 -0.152688 -0.0377711 0.987552 -10.3762 
0.98611 0.0051278 0.166014 -2.62932 -0.0122268 0.999053 0.0417675 -1.00339 -0.165643 -0.0432172 0.985238 -11.1032 
0.986709 0.0040434 0.162445 -2.45903 -0.0122665 0.998691 0.0496499 -1.21638 -0.162032 -0.0509827 0.985468 -11.6274 
0.987574 -0.00429527 0.157095 -2.33422 -0.00492594 0.998289 0.058262 -1.42295 -0.157076 -0.0583119 0.985863 -11.4836 
0.978148 0.0161864 0.20728 -3.58083 -0.022617 0.999332 0.0286916 -0.638882 -0.206678 -0.0327527 0.977861 -12.6796 
0.974737 0.00285844 0.223339 -3.98874 -0.0128449 0.998981 0.0432745 -0.938316 -0.222988 -0.04505 0.97378 -13.1489 
0.968057 -0.0014828 0.250726 -4.6927 -0.00983008 0.998989 0.0438621 -0.926959 -0.250538 -0.0449257 0.967064 -13.694 
0.956247 0.000933218 0.292558 -5.82651 -0.0131287 0.999124 0.0397251 -0.829923 -0.292264 -0.041828 0.955422 -14.1448 
0.942494 0.00106985 0.334222 -6.96135 -0.0139843 0.999245 0.0362366 -0.748133 -0.333931 -0.0388266 0.941798 -14.5892 
0.921398 0.00330459 0.388607 -8.48125 -0.0175469 0.999298 0.0331066 -0.69385 -0.388224 -0.0373232 0.920809 -14.8598 
0.886687 0.00448844 0.462349 -10.5826 -0.0170002 0.999593 0.0228989 -0.408025 -0.462058 -0.0281642 0.886402 -14.942 
0.873179 0.0049544 0.487374 -11.2818 -0.0293032 0.998673 0.0423477 -0.97937 -0.486517 -0.0512587 0.872166 -15.1533 
0.879419 0.0108267 0.475925 -10.8621 -0.0506202 0.9962 0.0708742 -1.82876 -0.473349 -0.0864196 0.876625 -15.7759 
0.81985 0.00384137 0.572566 -13.7386 -0.0691779 0.993317 0.0923907 -2.52273 -0.568385 -0.115355 0.814636 -15.1361 
0.838027 0.00652114 0.545589 -12.9057 -0.0635279 0.994294 0.0856948 -2.34863 -0.541917 -0.106475 0.83366 -15.7317 
0.87957 0.010818 0.475646 -10.8266 -0.042999 0.997458 0.0568285 -1.49643 -0.473822 -0.0704369 0.877799 -16.5632 
0.881274 0.0138245 0.472404 -10.7209 -0.0444343 0.997568 0.0536995 -1.43755 -0.470513 -0.0683149 0.879745 -16.9204 
0.845725 -0.0175903 0.53333 -12.6765 -0.0170028 0.998061 0.0598802 -1.5232 -0.533349 -0.0597103 0.843785 -15.5971 
0.862591 -0.00616085 0.505864 -11.8059 -0.0309595 0.997409 0.0649389 -1.66589 -0.504953 -0.071677 0.860165 -16.4699 
0.869456 -0.0115693 0.493874 -11.446 -0.0261621 0.997244 0.0694189 -1.72326 -0.493317 -0.0732775 0.866758 -16.8925 
0.871627 0.0020187 0.490165 -11.3283 -0.0440744 0.996264 0.0742715 -1.89543 -0.488184 -0.0863408 0.868459 -17.1869 
0.8755 -0.00182752 0.483215 -11.1205 -0.0381371 0.996612 0.0728668 -1.83721 -0.481711 -0.0822232 0.872464 -17.5066 
0.869237 0.0208442 0.493956 -11.4229 -0.0626775 0.995695 0.0682796 -1.84514 -0.490407 -0.0903111 0.866802 -17.5359 
0.869911 0.00485682 0.493184 -11.393 -0.0412877 0.997159 0.0630062 -1.64052 -0.491477 -0.0751722 0.86764 -17.7693 
0.867634 0.0200384 0.4968 -11.5043 -0.0576329 0.996505 0.0604586 -1.61679 -0.493853 -0.081088 0.865757 -17.8524 
0.869208 0.00800315 0.494382 -11.3857 -0.0439481 0.997162 0.061126 -1.54664 -0.492489 -0.0748583 0.867093 -18.2132 
0.857795 0.0144296 0.51379 -11.9209 -0.0617387 0.995261 0.075124 -1.94563 -0.510271 -0.0961617 0.854621 -18.1295 
0.852428 0.0149799 0.522629 -12.1453 -0.0632058 0.995211 0.0745658 -1.93407 -0.519009 -0.0965952 0.849293 -18.2261 
0.849518 0.0180142 0.527251 -12.2592 -0.0669925 0.99501 0.073944 -1.9326 -0.523288 -0.0981387 0.846486 -18.3816 
0.856338 0.00942493 0.516329 -11.9707 -0.0552021 0.995775 0.0733768 -1.90585 -0.513456 -0.0913379 0.853241 -18.3596 
0.837843 0.0133509 0.545749 -12.7409 -0.0691674 0.99424 0.0818644 -2.15802 -0.541512 -0.106337 0.83394 -18.555 
0.833151 0.0125627 0.552903 -12.9263 -0.07286 0.993521 0.0872163 -2.32097 -0.548225 -0.112949 0.828669 -18.6481 
0.841873 0.00109242 0.539674 -12.5563 -0.0671699 0.992434 0.102774 -2.73193 -0.535479 -0.122773 0.835577 -18.8643 
0.866062 0.0160975 0.499677 -11.4689 -0.0468689 0.997694 0.0490938 -1.28626 -0.497734 -0.0659376 0.86482 -18.9207 
0.845418 -0.019564 0.533747 -12.3915 -0.0472901 0.992662 0.111289 -2.91566 -0.532007 -0.119327 0.838289 -19.0724 
0.811405 0.0162705 0.584258 -13.7833 -0.0774718 0.993786 0.079916 -2.1429 -0.579328 -0.110108 0.807624 -18.9856 
0.80749 0.00975327 0.589801 -13.9299 -0.0792652 0.992589 0.0921072 -2.45897 -0.584531 -0.121126 0.802279 -19.0677 
0.849081 0.00260212 0.528256 -12.223 -0.0542462 0.995131 0.0822896 -2.14606 -0.52547 -0.0985264 0.845088 -19.418 
0.837392 -0.0123891 0.546462 -12.7145 -0.054878 0.992786 0.106602 -2.79105 -0.54384 -0.119257 0.830672 -19.4766 
0.841302 -0.0266702 0.539908 -12.5278 -0.0478157 0.991196 0.123471 -3.22692 -0.538447 -0.129692 0.832619 -19.6164 
0.835207 -0.0283129 0.549206 -12.7803 -0.051734 0.9902 0.129722 -3.38975 -0.547497 -0.136757 0.825557 -19.6386 
0.846677 -0.0401486 0.53059 -12.2576 -0.0437531 0.98852 0.144617 -3.74932 -0.530305 -0.145659 0.835201 -19.8106 
0.842196 -0.0326303 0.538183 -12.4685 -0.0494818 0.989277 0.137414 -3.56981 -0.536896 -0.14236 0.831551 -19.8201 
0.841304 -0.0387129 0.539174 -12.4802 -0.047453 0.988293 0.145004 -3.77584 -0.538475 -0.147578 0.829618 -19.9981 
0.85012 -0.049816 0.524228 -12.0561 -0.0392855 0.986741 0.157475 -4.09786 -0.525122 -0.154467 0.836891 -20.2039 
0.843318 -0.0159361 0.537179 -12.4053 -0.0542888 0.991921 0.114655 -2.98863 -0.534666 -0.125853 0.83564 -20.2927 
0.850756 -0.0391531 0.524101 -12.0465 -0.045293 0.988049 0.147335 -3.83648 -0.523606 -0.149084 0.838815 -20.3785 
0.843071 -0.0455858 0.535867 -12.3728 -0.0508488 0.985181 0.163808 -4.28512 -0.535393 -0.16535 0.828259 -20.3617 
0.84455 -0.0329805 0.534461 -12.3249 -0.055688 0.98728 0.148921 -3.90421 -0.532574 -0.155534 0.83197 -20.4624 
0.867646 -0.103641 0.48626 -10.9896 -0.00625409 0.975679 0.219115 -5.65176 -0.497143 -0.193156 0.845896 -20.7903 
0.8577 -0.0691157 0.509483 -11.6248 -0.0258667 0.983868 0.177016 -4.59323 -0.513499 -0.165005 0.842076 -20.8008 
0.853847 -0.0609672 0.516941 -11.818 -0.0324361 0.984955 0.16974 -4.42021 -0.519513 -0.161699 0.839023 -20.8798 
0.85271 -0.0625293 0.518629 -11.8633 -0.0326279 0.984497 0.172343 -4.47735 -0.521365 -0.16388 0.83745 -20.9026 
0.857092 -0.0727047 0.510007 -11.613 -0.0291937 0.981546 0.188987 -4.88657 -0.514335 -0.176868 0.839152 -21.0419 
0.860192 -0.0863851 0.5026 -11.4052 -0.0187876 0.979512 0.200509 -5.14546 -0.509624 -0.181919 0.840945 -21.1545 
0.863645 -0.0887681 0.496223 -11.2261 -0.0227674 0.976501 0.214309 -5.54486 -0.503586 -0.196385 0.841329 -21.1797 
0.867219 -0.0487553 0.495534 -11.1838 -0.0283786 0.988737 0.146946 -3.75141 -0.497117 -0.141497 0.856068 -21.4953 
0.867219 -0.0487553 0.495534 -11.1838 -0.0283786 0.988737 0.146946 -3.75141 -0.497117 -0.141497 0.856068 -21.4953 
0.849901 -0.0897007 0.519252 -12.1378 -0.0146651 0.980996 0.193471 -4.8873 -0.526739 -0.172046 0.832434 -25.3354 
0.848436 -0.0925605 0.521141 -12.2199 -0.0126998 0.980747 0.194867 -4.9353 -0.529145 -0.171951 0.830926 -25.8895 
0.847724 -0.0933745 0.522154 -12.2254 -0.0114169 0.980944 0.193954 -4.86394 -0.530314 -0.170381 0.830504 -26.5324 
0.845959 -0.095499 0.524627 -12.3677 -0.00962826 0.980937 0.194088 -4.83738 -0.533162 -0.169241 0.828913 -26.9889 
0.849556 -0.0874417 0.520201 -11.9167 -0.0157608 0.981517 0.190725 -4.80963 -0.527263 -0.17023 0.832475 -27.814 
0.851128 -0.0897808 0.517224 -11.6774 -0.0117199 0.981771 0.189704 -4.73016 -0.524828 -0.167524 0.834561 -28.4716 
0.852455 -0.0891567 0.515142 -11.4662 -0.0101426 0.982346 0.1868 -4.6363 -0.522702 -0.164464 0.836501 -29.143 
0.854078 -0.0896928 0.512354 -11.2077 -0.00774638 0.982718 0.184948 -4.51624 -0.520088 -0.161929 0.838623 -29.7536 
0.855034 -0.0916633 0.510407 -11.0351 -0.00680385 0.982186 0.187787 -4.53057 -0.518528 -0.164037 0.839178 -30.4552 
0.855716 -0.0906894 0.509436 -10.8976 -0.0117047 0.980877 0.194276 -4.77705 -0.517313 -0.172208 0.838291 -30.9606 
0.853786 -0.0930564 0.51224 -11.0612 -0.0146282 0.97922 0.202272 -5.13446 -0.520418 -0.180191 0.834683 -31.3066 
0.853572 -0.0925572 0.512688 -11.0631 -0.0145668 0.979467 0.201079 -5.02706 -0.520772 -0.179103 0.834697 -31.9006 
0.852572 -0.0956377 0.513785 -11.1334 -0.0113743 0.979484 0.201199 -5.01346 -0.522487 -0.17738 0.833993 -32.3813 
0.84966 -0.0962655 0.518469 -11.3885 -0.0101018 0.980044 0.198522 -4.90355 -0.527234 -0.173914 0.831732 -32.8034 
0.848175 -0.0937276 0.521358 -11.5319 -0.0139242 0.979937 0.198822 -4.91851 -0.529533 -0.175895 0.829853 -33.213 
0.847299 -0.0867407 0.523986 -11.652 -0.0228314 0.979713 0.199101 -4.99425 -0.530626 -0.180661 0.828129 -33.6176 
0.845736 -0.0844401 0.526878 -11.8356 -0.028605 0.978805 0.202785 -5.17526 -0.532834 -0.186574 0.825396 -33.9757 
0.846158 -0.0868477 0.525808 -11.8321 -0.0284617 0.97786 0.207315 -5.39033 -0.532172 -0.190387 0.824952 -34.4114 
0.846846 -0.0909397 0.524006 -11.8201 -0.0218625 0.978487 0.205146 -5.21923 -0.531389 -0.185183 0.82664 -34.8617 
0.84722 -0.087906 0.523919 -11.8744 -0.0216681 0.979676 0.199414 -4.97862 -0.530801 -0.1803 0.828096 -35.3094 
0.848373 -0.0842703 0.522648 -11.871 -0.0241455 0.980063 0.197216 -4.95898 -0.528848 -0.179932 0.829424 -35.7341 
0.849992 -0.0789322 0.520849 -11.8535 -0.0265036 0.981051 0.191926 -4.76955 -0.526129 -0.17694 0.831794 -36.2012 
0.852363 -0.0824693 0.516407 -11.803 -0.0222422 0.980876 0.193356 -4.76198 -0.522478 -0.176296 0.834228 -36.6045 
0.858728 -0.0875045 0.504905 -11.3146 -0.0164524 0.980096 0.197841 -4.86384 -0.512167 -0.178199 0.840197 -37.2031 
0.865604 -0.0885803 0.492831 -10.836 -0.0135764 0.979715 0.199937 -4.92888 -0.500544 -0.179757 0.846843 -37.7575 
0.873428 -0.084039 0.479646 -10.3181 -0.0147384 0.979982 0.198541 -4.88547 -0.486729 -0.180481 0.854705 -38.3027 
0.881878 -0.0775189 0.46506 -9.76876 -0.0177578 0.98023 0.197064 -4.86439 -0.471142 -0.182045 0.863067 -38.8559 
0.891386 -0.0725319 0.447404 -9.09133 -0.0173673 0.980922 0.193626 -4.70143 -0.452913 -0.180365 0.87312 -39.4263 
0.901901 -0.0673984 0.426653 -8.26834 -0.0177142 0.981149 0.192438 -4.66413 -0.43158 -0.181118 0.883705 -40.0023 
0.916666 -0.0594715 0.395206 -6.84045 -0.0170278 0.982157 0.187293 -4.38275 -0.399292 -0.178414 0.899296 -40.5669 
0.928752 -0.0560018 0.366448 -5.69195 -0.0152882 0.981896 0.188804 -4.42421 -0.370387 -0.180955 0.911081 -41.072 
0.948211 -0.0345459 0.315757 -3.10046 -0.0273618 0.98149 0.189548 -4.72641 -0.316461 -0.188371 0.929714 -41.6049 
0.95993 -0.031381 0.278479 -1.6065 -0.0222044 0.98207 0.187206 -4.48745 -0.27936 -0.185889 0.942021 -41.9574 
0.977518 -0.0132158 0.210438 1.79678 -0.0279345 0.981119 0.191376 -4.7745 -0.208994 -0.192952 0.958692 -42.1097 
0.987338 -0.00731641 0.158461 3.92463 -0.0230031 0.981774 0.188657 -4.54695 -0.156953 -0.189914 0.969174 -42.3309 
0.995685 0.00176954 0.0927854 6.82225 -0.019462 0.981566 0.190128 -4.60417 -0.0907386 -0.191113 0.977365 -42.256 
0.999729 0.00519631 0.0227106 9.79828 -0.00945614 0.981406 0.191711 -4.57547 -0.0212921 -0.191874 0.981189 -42.1998 
0.998564 0.0265888 -0.0465086 12.8161 -0.0173179 0.981741 0.189433 -4.49902 0.0506962 -0.188355 0.980792 -41.8679 
0.991593 0.0420476 -0.122373 16.1491 -0.0184886 0.982067 0.187625 -4.39042 0.128068 -0.183785 0.974588 -41.2439 
0.980318 0.0541011 -0.189869 18.9787 -0.0168855 0.981173 0.192392 -4.65732 0.196703 -0.1854 0.962774 -40.492 
0.962541 0.0649737 -0.263237 22.1347 -0.0147221 0.981955 0.188539 -4.43984 0.270738 -0.177601 0.946128 -39.3932 
0.945584 0.074185 -0.31681 24.2405 -0.0130084 0.981503 0.191005 -4.58099 0.325119 -0.17649 0.929058 -38.4358 
0.923415 0.0893297 -0.373262 26.5369 -0.0172697 0.981223 0.192104 -4.65126 0.383413 -0.170946 0.907619 -37.2406 
0.893933 0.104554 -0.435835 29.1852 -0.0206024 0.980969 0.193071 -4.70383 0.447727 -0.163613 0.879074 -35.6586 
0.866811 0.109427 -0.486481 31.1933 -0.0166901 0.981444 0.191022 -4.54962 0.498357 -0.157461 0.852553 -34.2845 
0.849257 0.114311 -0.515457 32.0721 -0.011664 0.980105 0.198137 -4.9082 0.527852 -0.162257 0.833694 -33.7175 
0.830123 0.118011 -0.544948 33.05 -0.00857748 0.979933 0.199144 -4.92221 0.557514 -0.160639 0.814477 -33.0512 
0.794402 0.132379 -0.592792 35.0609 -0.0098799 0.978648 0.205306 -5.25323 0.607313 -0.157239 0.778747 -31.2465 
0.761213 0.154701 -0.629779 36.6099 -0.0178755 0.975766 0.218085 -5.98895 0.648255 -0.154751 0.745531 -29.6879 
0.731817 0.169075 -0.660195 37.8435 -0.0204228 0.973742 0.226736 -6.47747 0.681195 -0.152446 0.716054 -28.4427 
0.715706 0.17545 -0.676005 38.3322 -0.0132802 0.971175 0.237998 -7.02982 0.698275 -0.161359 0.697406 -27.7702 
0.690411 0.173451 -0.702315 39.3642 0.000605776 0.970692 0.240328 -7.06356 0.723417 -0.166351 0.670071 -26.726 
0.667301 0.155329 -0.728411 40.3925 -0.000814101 0.978162 0.207841 -5.32758 0.744787 -0.138099 0.652855 -24.742 
0.64469 0.153511 -0.748872 41.1803 0.00302078 0.97911 0.203308 -5.06046 0.764438 -0.133333 0.630759 -23.5724 
0.629288 0.173283 -0.757608 41.51 -0.00474814 0.975665 0.219214 -5.89211 0.777157 -0.134351 0.614798 -22.8183 
0.609314 0.1715 -0.77416 42.1427 0.0128852 0.974059 0.225926 -6.15934 0.792824 -0.147635 0.591299 -22.1906 
0.59415 0.178515 -0.784295 42.5225 0.0200154 0.971478 0.236283 -6.64832 0.804105 -0.156086 0.573631 -21.5604 
0.580294 0.182504 -0.793695 42.8566 0.00722707 0.973375 0.229104 -6.27879 0.814375 -0.138684 0.563525 -20.5753 
0.565388 0.180512 -0.80483 43.2798 0.00586881 0.974854 0.222769 -5.97692 0.824804 -0.130675 0.550111 -20.0024 
0.554359 0.178033 -0.813013 43.5614 0.0160756 0.974381 0.22433 -6.08287 0.832123 -0.137429 0.537294 -19.6633 
0.533875 0.166563 -0.828996 44.2524 0.0375441 0.97477 0.220031 -5.84039 0.84473 -0.148593 0.514152 -19.2504 
0.526969 0.175511 -0.831564 44.3122 0.0255912 0.974724 0.221944 -5.95543 0.849499 -0.138238 0.509158 -18.8008 
0.522344 0.185223 -0.832375 44.3149 0.0209654 0.97304 0.229681 -6.36724 0.852477 -0.137424 0.504379 -18.5904 
0.515701 0.19185 -0.835012 44.4332 0.0202342 0.971608 0.23573 -6.68451 0.856529 -0.138462 0.497178 -18.3995 
0.511727 0.187889 -0.838352 44.5123 0.0243765 0.972226 0.232772 -6.53747 0.858802 -0.139552 0.492934 -18.2509 
0.50734 0.193612 -0.839714 44.582 0.0241658 0.970854 0.23845 -6.82427 0.861407 -0.141267 0.487874 -18.1887 
0.50284 0.197124 -0.841602 44.653 0.0196767 0.970786 0.239139 -6.84558 0.864156 -0.136808 0.484271 -18.0293 
0.494187 0.196078 -0.846955 44.9005 0.0221355 0.971079 0.23773 -6.76609 0.869074 -0.136231 0.475555 -17.7654 
0.493767 0.202341 -0.845726 44.8564 0.0202745 0.969609 0.243817 -7.09637 0.869358 -0.137535 0.474658 -17.8463 
0.491373 0.199909 -0.847696 44.9049 0.0190742 0.970598 0.239949 -6.89899 0.87074 -0.134073 0.473112 -17.8488 
0.490038 0.204116 -0.847466 44.9077 0.0177816 0.969655 0.243828 -7.10126 0.87152 -0.134554 0.471539 -17.9492 
0.509776 0.192652 -0.838459 44.0857 -0.028607 0.977861 0.207289 -5.14685 0.859831 -0.0816851 0.504001 -17.9587 
0.490842 0.205316 -0.846711 44.8634 0.0198264 0.968952 0.246451 -7.23689 0.871023 -0.137756 0.471532 -18.269 
0.49479 0.207139 -0.843964 44.7352 0.0159022 0.968856 0.247115 -7.27434 0.868867 -0.135691 0.476086 -18.556 
0.506119 0.211342 -0.836168 44.3211 0.00368731 0.968973 0.24714 -7.27911 0.862455 -0.128166 0.489637 -19.1238 
0.504836 0.194586 -0.840998 44.4737 0.00638802 0.973393 0.229053 -6.2993 0.863192 -0.121006 0.490161 -19.0766 
0.49243 0.175681 -0.852437 45.0452 0.0294114 0.975498 0.218034 -5.70138 0.869855 -0.132438 0.475197 -18.8477 
0.528219 0.210478 -0.822608 43.5951 -0.0181676 0.97137 0.236876 -6.75434 0.848914 -0.110177 0.51692 -20.4336 
0.527495 0.206834 -0.823995 43.7333 -0.00900327 0.971217 0.238025 -6.82662 0.84951 -0.118138 0.514175 -20.7654 
0.530191 0.191932 -0.825869 43.8257 0.0206297 0.970834 0.238865 -6.87218 0.847627 -0.143682 0.510768 -21.3535 
0.523253 0.190408 -0.830633 44.1064 0.0191925 0.971838 0.234867 -6.65351 0.851961 -0.138837 0.504863 -21.2104 
0.510208 0.189121 -0.839 44.547 0.013696 0.973613 0.227793 -6.23949 0.859942 -0.127713 0.494155 -20.6874 
0.508834 0.183022 -0.841184 44.6571 0.023706 0.973789 0.226214 -6.12654 0.860538 -0.135046 0.491158 -20.8846 
0.497306 0.178473 -0.849019 45.0527 0.0394631 0.972946 0.227639 -6.19723 0.866677 -0.146711 0.476808 -20.4259 
0.484428 0.176885 -0.856762 45.4621 0.029927 0.975422 0.218304 -5.68335 0.874319 -0.131393 0.467228 -20.0442 
0.516063 0.176292 -0.838212 44.4602 0.0308679 0.974127 0.223883 -6.00235 0.855994 -0.141411 0.49727 -21.4826 
0.515978 0.178527 -0.837792 44.451 0.0320575 0.973331 0.227153 -6.18614 0.856002 -0.144063 0.496494 -21.5809 
0.50936 0.179585 -0.841606 44.6694 0.0365931 0.972578 0.22968 -6.33143 0.859775 -0.147787 0.488821 -21.3401 
0.510142 0.177982 -0.841473 44.6552 0.036354 0.973019 0.227845 -6.22899 0.859321 -0.146824 0.489907 -21.4923 
0.513608 0.176544 -0.839666 44.5495 0.0399911 0.972614 0.228958 -6.29131 0.857092 -0.151174 0.492482 -21.7656 
0.503968 0.16883 -0.847061 44.8915 0.0479354 0.973731 0.222597 -5.9531 0.862391 -0.152786 0.482636 -21.3671 
0.513391 0.16464 -0.842214 44.5902 0.0305244 0.977299 0.209654 -5.23573 0.857612 -0.133342 0.496711 -22.1297 
0.497487 0.166373 -0.851367 45.0776 0.0425512 0.975574 0.215509 -5.57289 0.866427 -0.14344 0.478257 -21.2643 
0.493391 0.16538 -0.853941 45.1867 0.0417097 0.97613 0.213143 -5.45826 0.868807 -0.14078 0.474716 -21.1645 
0.486766 0.162578 -0.85827 45.3672 0.0428555 0.9769 0.209355 -5.2662 0.872481 -0.138688 0.468554 -20.9457 
0.477375 0.16308 -0.863434 45.6125 0.0432343 0.977077 0.208448 -5.21657 0.877635 -0.136838 0.459382 -20.5602 
0.466257 0.16564 -0.869004 45.8793 0.0479636 0.976137 0.211795 -5.39062 0.883348 -0.140431 0.447186 -20.0532 
0.462689 0.17333 -0.869411 45.9054 0.0461271 0.974665 0.218862 -5.76775 0.88532 -0.141368 0.442971 -19.9176 
0.47307 0.159524 -0.866462 45.6062 0.0207703 0.981178 0.191985 -4.30008 0.88078 -0.108819 0.460853 -20.8468 
0.434451 0.171037 -0.884307 46.601 0.0492094 0.975831 0.212915 -5.45957 0.89935 -0.136017 0.415534 -18.7944 
0.46111 0.162545 -0.872328 45.8395 0.010539 0.982006 0.188553 -4.10933 0.887281 -0.096137 0.4511 -20.4895 
0.448113 0.15968 -0.879601 46.1655 0.0128905 0.982662 0.184957 -3.91583 0.893884 -0.09422 0.438285 -19.9372 
0.442592 0.157051 -0.882863 46.276 0.00742331 0.983868 0.17874 -3.57187 0.896692 -0.0856626 0.434286 -19.8319 
0.410977 0.169631 -0.895725 47.0175 0.0129239 0.981353 0.191777 -4.26585 0.911554 -0.0903923 0.401121 -18.2815 
0.398696 0.169918 -0.901204 47.2764 0.020139 0.980826 0.19384 -4.38045 0.916862 -0.0954328 0.38763 -17.7397 
0.387065 0.172132 -0.905843 47.5064 0.0208083 0.980539 0.195217 -4.45032 0.921818 -0.0944109 0.375951 -17.2611 
0.378507 0.173442 -0.909203 47.6601 0.0211071 0.980414 0.195814 -4.47922 0.925358 -0.0933075 0.367433 -16.9012 
0.368819 0.176421 -0.912605 47.8285 0.0216154 0.979929 0.198172 -4.60468 0.92925 -0.0928158 0.357603 -16.5059 
0.358832 0.178136 -0.916246 48.012 0.0205978 0.97987 0.198572 -4.62372 0.933175 -0.0901268 0.347939 -16.0979 
0.354256 0.178137 -0.918025 48.072 0.018145 0.980195 0.197203 -4.55482 0.934972 -0.0865178 0.344008 -15.934 
0.351277 0.184925 -0.917827 48.0907 0.015174 0.979047 0.203067 -4.86333 0.936149 -0.0852599 0.341111 -15.8307 
0.348353 0.188597 -0.918194 48.1182 0.0131059 0.978475 0.205951 -5.01754 0.937272 -0.0837775 0.338383 -15.7635 
0.345469 0.190245 -0.918944 48.1629 0.0111425 0.978335 0.206729 -5.05947 0.938364 -0.0816579 0.335864 -15.7078 
0.344519 0.189025 -0.919552 48.187 0.00547447 0.979098 0.203316 -4.86298 0.938763 -0.0750803 0.336283 -15.6967 
0.347395 0.189389 -0.918395 48.1064 0.00932347 0.978646 0.205341 -4.98683 0.937673 -0.0798969 0.338211 -15.9022 
0.34661 0.192953 -0.917949 48.1231 0.00516051 0.978207 0.207567 -5.07581 0.937995 -0.076682 0.338061 -15.9201 
0.347191 0.189692 -0.918409 48.1368 0.00611004 0.97885 0.204486 -4.9062 0.937774 -0.0766073 0.338689 -16.036 
0.360499 0.184535 -0.914324 47.8547 0.0178467 0.978691 0.204563 -4.96394 0.932589 -0.0900622 0.349523 -16.7669 
0.367167 0.186933 -0.911178 47.7208 0.0189192 0.977894 0.208243 -5.15213 0.929963 -0.0936988 0.355514 -17.1998 
0.379561 0.186835 -0.906105 47.4713 0.0183208 0.977686 0.20927 -5.20479 0.924985 -0.0960313 0.367669 -17.8822 
0.387441 0.184628 -0.903217 47.3562 0.0216111 0.977653 0.209113 -5.20697 0.921641 -0.100539 0.374793 -18.3457 
0.407931 0.185809 -0.893906 46.8928 0.023569 0.976603 0.213754 -5.45668 0.912708 -0.108265 0.394007 -19.4311 
0.432308 0.181578 -0.883255 46.3265 0.017803 0.977606 0.209688 -5.19153 0.90155 -0.106374 0.419394 -20.7456 
0.463148 0.177848 -0.868254 45.5179 0.0174195 0.977643 0.209547 -5.15617 0.88611 -0.112176 0.449695 -22.3992 
0.471948 0.158341 -0.867291 45.4679 0.0535169 0.97678 0.207452 -5.2199 0.88 -0.144321 0.452516 -22.8217 
0.523398 0.170688 -0.834817 43.8136 0.0150285 0.97773 0.20933 -5.12376 0.851956 -0.122109 0.509177 -25.5927 
0.559039 0.170838 -0.81135 42.6583 0.0033041 0.978076 0.208221 -5.02286 0.829135 -0.119084 0.546219 -27.4851 
0.590153 0.171529 -0.788859 41.5531 0.0279617 0.972237 0.232321 -6.43962 0.806807 -0.159162 0.568972 -29.0486 
0.632471 0.144777 -0.760933 40.0411 0.0266326 0.977732 0.208162 -5.18207 0.774126 -0.151922 0.614531 -31.2539 
0.632471 0.144777 -0.760933 40.0411 0.0266326 0.977732 0.208162 -5.18207 0.774126 -0.151922 0.614531 -31.2539 
0.703045 0.140264 -0.697175 36.7165 0.00648877 0.97905 0.203517 -4.82907 0.711116 -0.147606 0.687406 -37.4421 
0.742706 0.132489 -0.65638 34.5373 0.00587178 0.978904 0.204234 -4.86129 0.669592 -0.15554 0.72626 -39.9616 
0.785411 0.132736 -0.604574 31.75 0.00993133 0.973908 0.226726 -6.17985 0.618894 -0.184077 0.7636 -42.4757 
0.785411 0.132736 -0.604574 31.75 0.00993133 0.973908 0.226726 -6.17985 0.618894 -0.184077 0.7636 -42.4757 
0.860351 0.112417 -0.497151 25.9152 0.0125504 0.970407 0.24115 -7.03551 0.509548 -0.213713 0.833479 -48.1077 
0.892564 0.0960943 -0.440563 22.7812 0.0152694 0.970028 0.242515 -7.10427 0.450663 -0.223187 0.864344 -50.6873 
0.919373 0.0799168 -0.385184 19.7809 0.0228888 0.966622 0.255183 -8.16547 0.392721 -0.243425 0.886856 -52.8876 
0.939935 0.0687381 -0.334362 17.2057 0.0235323 0.964137 0.26436 -8.84866 0.340542 -0.256349 0.904608 -54.9931 
0.957569 0.0669091 -0.280328 14.4094 0.0122947 0.962308 0.271682 -9.30157 0.28794 -0.263601 0.920655 -56.9737 
0.973182 0.0682565 -0.219676 11.0703 -0.0047112 0.960678 0.277626 -9.69543 0.229988 -0.269145 0.935236 -58.7193 
0.984249 0.0593417 -0.166529 7.81859 -0.00930641 0.958066 0.286397 -10.4531 0.176541 -0.280336 0.943528 -61.185 
0.984249 0.0593417 -0.166529 7.81859 -0.00930641 0.958066 0.286397 -10.4531 0.176541 -0.280336 0.943528 -61.185 
0.998716 0.0213376 -0.0459419 0.0614769 -0.00786633 0.96128 0.275461 -9.77403 0.0500407 -0.274746 0.960214 -62.7951 
0.998716 0.0213376 -0.0459419 0.0614769 -0.00786633 0.96128 0.275461 -9.77403 0.0500407 -0.274746 0.960214 -62.7951 
0.998506 -0.0162121 0.0521797 -6.13386 0.00162569 0.96336 0.268205 -9.2417 -0.054616 -0.26772 0.961948 -64.6343 
0.99576 -0.0338914 0.085513 -8.12426 0.00976581 0.963346 0.268085 -9.23666 -0.0914644 -0.266113 0.959593 -65.4204 
0.992817 -0.048508 0.109369 -9.3721 0.0163013 0.960442 0.278004 -10.0787 -0.118527 -0.274224 0.954333 -66.136 
0.99005 -0.0555835 0.129271 -10.3276 0.017697 0.960567 0.277486 -9.96723 -0.139597 -0.272437 0.951993 -67.0189 
0.989177 -0.0510492 0.137563 -10.2788 0.0114955 0.961607 0.274189 -9.6031 -0.146279 -0.26964 0.951786 -68.0402 
0.985973 -0.0515358 0.15875 -11.8898 0.00562853 0.960862 0.276971 -9.92718 -0.166811 -0.272192 0.947674 -68.1331 
0.983278 -0.0566973 0.173059 -12.9872 0.00636366 0.960417 0.278494 -10.0489 -0.181998 -0.272736 0.944718 -68.2309 
0.978934 -0.0575899 0.195886 -14.9467 -0.000348511 0.958924 0.283663 -10.6285 -0.204175 -0.277756 0.938703 -67.7115 
0.976063 -0.0610276 0.208748 -16.0815 -0.00213184 0.957092 0.289775 -11.2209 -0.217475 -0.283284 0.934053 -67.5908 
0.976397 -0.0670033 0.205328 -15.7726 0.00385286 0.955916 0.293616 -11.4549 -0.215949 -0.285894 0.933611 -68.1984 
0.975786 -0.0669605 0.208224 -16.0465 0.00204077 0.954732 0.297459 -11.7869 -0.218716 -0.289832 0.931752 -68.4135 
0.977484 -0.0692268 0.199332 -15.2803 0.00727424 0.955146 0.296045 -11.5194 -0.210886 -0.287929 0.934144 -68.7054 
0.977793 -0.0642036 0.199494 -15.3183 0.00119768 0.953613 0.301032 -11.8851 -0.209568 -0.294109 0.932514 -68.7971 
0.978799 -0.0601183 0.195804 -14.9995 -0.00294467 0.951727 0.306932 -12.3791 -0.204804 -0.301001 0.931372 -69.2184 
0.980302 -0.0655972 0.186292 -14.2887 0.00519923 0.951477 0.307675 -12.4362 -0.197436 -0.300645 0.933076 -69.6063 
0.980743 -0.0681134 0.183042 -14.1788 0.00979038 0.953182 0.30224 -11.9638 -0.195059 -0.294627 0.935493 -69.9928 
0.982254 -0.0609592 0.177375 -13.5955 0.00517195 0.954152 0.299277 -11.7995 -0.187487 -0.293048 0.937535 -70.4421 
0.981839 -0.0598884 0.180017 -13.9583 0.00514732 0.956929 0.290278 -11.0269 -0.189648 -0.28408 0.939858 -70.767 
0.983187 -0.0586032 0.172945 -13.334 0.00684894 0.958271 0.285779 -10.6896 -0.182475 -0.27979 0.942561 -71.0322 
0.984787 -0.0600761 0.163049 -12.501 0.0110353 0.958061 0.286351 -10.7276 -0.173413 -0.280196 0.944149 -71.75 
0.983458 -0.0497007 0.174186 -13.4098 -0.00286025 0.95724 0.28928 -11.0183 -0.181115 -0.284993 0.941263 -71.786 
0.985684 -0.0516335 0.160505 -12.0867 0.00260588 0.956506 0.2917 -11.0523 -0.168585 -0.287105 0.942947 -72.6506 
0.985991 -0.0483994 0.159619 -11.9043 -0.00108771 0.955089 0.296318 -11.3711 -0.166792 -0.292341 0.941657 -73.1213 
0.985898 -0.0467788 0.160674 -11.9004 -0.00363793 0.953917 0.300048 -11.6403 -0.167305 -0.296401 0.940295 -73.5793 
0.985779 -0.0460898 0.161602 -11.8998 -0.00376406 0.955356 0.295434 -11.2889 -0.168004 -0.291841 0.941596 -74.1258 
0.986674 -0.0380912 0.15819 -11.378 -0.00899218 0.957961 0.286758 -10.5795 -0.162462 -0.284359 0.944852 -74.9263 
0.988253 -0.0403554 0.147405 -10.348 -0.00188896 0.961208 0.275817 -9.59001 -0.152817 -0.272856 0.94984 -75.8961 
0.989932 -0.0378667 0.136384 -9.25958 -0.00248309 0.958756 0.284219 -10.3472 -0.141522 -0.281696 0.949009 -76.7675 
0.987875 -0.0364547 0.150913 -10.4779 -0.00729182 0.960075 0.279648 -9.8311 -0.155083 -0.277358 0.948168 -76.2665 
