1 0 0 0 0 1 0 0 0 0 1 0 
0.999867 0.00375678 0.0159009 -0.31604 -0.00378019 0.999992 0.00144216 0.0221475 -0.0158953 -0.00150208 0.999873 -0.948487 
0.99957 0.00386728 0.0290555 -0.515545 -0.00408583 0.999964 0.00746598 -0.115699 -0.0290256 -0.00758149 0.99955 -1.9079 
0.999103 0.00578592 0.0419397 -0.732403 -0.00619694 0.999934 0.00967698 -0.165574 -0.041881 -0.0099282 0.999073 -2.82219 
0.998413 0.00382635 0.056186 -0.990991 -0.00446661 0.999926 0.0112742 -0.186199 -0.0561387 -0.0115072 0.998357 -3.68255 
0.99723 0.00755665 0.0739916 -1.34199 -0.00875134 0.999836 0.0158354 -0.335098 -0.0738599 -0.016439 0.997133 -4.63284 
0.996807 0.00727723 0.0795167 -1.29824 -0.00907858 0.99971 0.0223157 -0.500493 -0.0793313 -0.0229663 0.996584 -5.52763 
0.99625 0.00357092 0.086442 -1.28434 -0.00581364 0.999653 0.025707 -0.565793 -0.0863201 -0.0261131 0.995925 -6.47215 
0.995903 0.00613116 0.0902177 -1.16171 -0.00852189 0.999622 0.0261383 -0.615984 -0.0900234 -0.0268 0.995579 -7.36105 
0.990685 -0.00276148 0.136148 -2.31944 -0.00187732 0.999422 0.0339317 -0.857311 -0.136163 -0.0338712 0.990107 -8.73011 
0.986801 0.000853665 0.161934 -2.9126 -0.0104898 0.998223 0.0586607 -1.66768 -0.161597 -0.0595851 0.985056 -9.86881 
0.984577 -0.00403546 0.174904 -3.1725 -0.00900981 0.997238 0.073727 -2.09311 -0.174719 -0.0741657 0.981821 -10.7471 
0.978659 0.00144382 0.205484 -3.93804 -0.0212429 0.995329 0.09418 -2.75066 -0.204389 -0.0965352 0.974118 -11.9153 
0.973545 0.003497 0.228469 -4.5085 -0.0292994 0.993539 0.109643 -3.23068 -0.226609 -0.113436 0.967358 -12.924 
0.975474 0.00317268 0.220093 -4.14358 -0.0308509 0.991997 0.122434 -3.64848 -0.217944 -0.126221 0.967765 -13.5086 
0.97542 0.00160411 0.220347 -4.13089 -0.0263452 0.99365 0.10939 -3.19296 -0.218772 -0.112506 0.969268 -13.9307 
0.977693 -0.000678522 0.210038 -3.73552 -0.0252416 0.992368 0.120701 -3.50098 -0.208517 -0.12331 0.970214 -14.455 
0.979813 -0.000828802 0.199913 -3.43036 -0.0263827 0.990709 0.133415 -3.86504 -0.198166 -0.135996 0.970688 -14.1904 
0.97183 -0.00054294 0.235681 -4.50707 -0.0283505 0.992467 0.119189 -3.38671 -0.233971 -0.122514 0.964494 -14.3183 
0.97695 -0.0771045 0.199059 -3.51348 0.0491976 0.988712 0.141519 -3.72836 -0.207723 -0.128464 0.969715 -13.778 
0.973785 0.00552125 0.227401 -4.1632 -0.0305778 0.993809 0.106812 -3.06551 -0.225404 -0.110965 0.967926 -15.4687 
0.97449 0.00419004 0.224393 -4.02986 -0.027438 0.99455 0.100586 -2.88505 -0.222749 -0.104177 0.969294 -15.85 
0.975586 -0.0338529 0.216993 -3.872 0.00748307 0.992599 0.121211 -3.35102 -0.219491 -0.116628 0.968618 -15.3738 
0.975873 -0.0875766 0.200005 -3.46077 0.0586045 0.987481 0.146445 -3.85646 -0.210326 -0.13119 0.968789 -14.6211 
0.97561 -0.0479122 0.21422 -3.79513 0.0203045 0.991402 0.129264 -3.50673 -0.218572 -0.121762 0.968194 -15.0777 
0.977993 -0.0783143 0.193382 -3.25655 0.0524124 0.989376 0.135604 -3.61251 -0.201948 -0.122484 0.971707 -15.0623 
0.977993 -0.0783143 0.193382 -3.25655 0.0524124 0.989376 0.135604 -3.61251 -0.201948 -0.122484 0.971707 -15.0623 
0.977993 -0.0783143 0.193382 -3.25655 0.0524124 0.989376 0.135604 -3.61251 -0.201948 -0.122484 0.971707 -15.0623 
0.977993 -0.0783143 0.193382 -3.25655 0.0524124 0.989376 0.135604 -3.61251 -0.201948 -0.122484 0.971707 -15.0623 
0.970799 -0.026454 0.238431 -4.52227 0.00513835 0.995966 0.0895812 -2.55066 -0.239839 -0.0857402 0.967019 -16.473 
0.974081 -0.0627909 0.217308 -3.89107 0.0355195 0.991241 0.127202 -3.48888 -0.223392 -0.116186 0.967779 -16.9365 
0.973183 -0.0700931 0.219093 -3.82859 0.0384307 0.988601 0.145573 -3.92251 -0.226799 -0.133249 0.964783 -17.9249 
0.969923 -0.0646291 0.234674 -4.26049 0.0289188 0.987875 0.152537 -4.14606 -0.241687 -0.141163 0.960032 -18.7821 
0.970479 -0.0716839 0.230288 -4.07323 0.0328489 0.985199 0.16824 -4.61856 -0.23894 -0.155709 0.958469 -19.3967 
0.971102 -0.0681019 0.228744 -4.02991 0.0319651 0.986903 0.158118 -4.35355 -0.236516 -0.146237 0.96056 -19.7731 
0.969637 -0.0940919 0.225723 -3.84014 0.048184 0.978432 0.200872 -5.63632 -0.239755 -0.183897 0.953257 -20.457 
0.968738 -0.0975327 0.22811 -3.88241 0.0472412 0.975177 0.216331 -6.10322 -0.243547 -0.198792 0.949298 -20.815 
0.970614 -0.0752056 0.228587 -3.92794 0.0324934 0.98217 0.185164 -5.15998 -0.238437 -0.172296 0.955752 -20.4747 
0.965148 -0.0414282 0.258403 -4.83376 0.00166247 0.988341 0.152245 -4.22333 -0.261698 -0.14651 0.953965 -20.7498 
0.964725 -0.0483728 0.258777 -4.81752 0.00574544 0.986608 0.163006 -4.53182 -0.263196 -0.155769 0.952084 -20.9764 
0.967857 -0.0494114 0.246599 -4.41596 0.0136144 0.989366 0.144807 -3.94964 -0.251132 -0.136795 0.958238 -21.1486 
0.962282 -0.03897 0.269248 -5.12186 -0.000487254 0.989439 0.144949 -4.03701 -0.272053 -0.139613 0.9521 -21.2898 
0.962373 -0.0404886 0.268697 -5.08452 0.000692861 0.989199 0.146576 -4.09712 -0.27173 -0.140874 0.952007 -21.5381 
0.961007 -0.0500292 0.27196 -5.17219 0.007562 0.987884 0.155008 -4.34105 -0.27642 -0.146907 0.949742 -21.76 
0.959776 -0.0471826 0.276775 -5.31832 0.00587813 0.988939 0.148203 -4.16461 -0.280707 -0.140615 0.949437 -21.9876 
0.959933 -0.0530763 0.275156 -5.27553 0.0129256 0.98924 0.145727 -4.08408 -0.27993 -0.136331 0.950291 -22.1989 
0.957286 -0.0506643 0.284669 -5.54285 0.00848657 0.989028 0.147485 -4.14928 -0.289018 -0.138769 0.947213 -22.4106 
0.956684 -0.0479398 0.287155 -5.61136 0.00389681 0.988369 0.152023 -4.28612 -0.291103 -0.144319 0.945744 -22.6073 
0.955605 -0.0489906 0.290551 -5.71219 0.0033562 0.987827 0.155522 -4.37889 -0.294633 -0.147642 0.944136 -22.7864 
0.955012 -0.0501673 0.292292 -5.75092 0.00337757 0.987364 0.15843 -4.45804 -0.296547 -0.150315 0.943115 -22.9871 
0.953087 -0.0478666 0.298887 -5.94839 0.000392458 0.987612 0.156914 -4.42759 -0.302696 -0.149435 0.941299 -23.1567 
0.951846 -0.0482876 0.302749 -6.05484 0.00013497 0.987584 0.157092 -4.43626 -0.306576 -0.149487 0.940035 -23.3567 
0.951319 -0.0509882 0.303962 -6.08293 0.000985892 0.986719 0.162432 -4.5692 -0.308207 -0.154225 0.938735 -23.5466 
0.949905 -0.0522518 0.308139 -6.20645 8.04058e-05 0.985966 0.166945 -4.68083 -0.312537 -0.158557 0.936579 -23.7041 
0.948408 -0.0520624 0.312748 -6.34373 -0.00167404 0.98559 0.169145 -4.74642 -0.317047 -0.160942 0.934654 -23.871 
0.948612 -0.0524417 0.312067 -6.29711 -7.18776e-05 0.986137 0.165935 -4.65275 -0.316443 -0.157431 0.935457 -24.1524 
0.946924 -0.0547545 0.316761 -6.44935 0.00227048 0.986501 0.163737 -4.5843 -0.32145 -0.154327 0.934266 -24.3291 
0.945655 -0.0566288 0.320201 -6.56022 0.00306163 0.986226 0.165376 -4.62724 -0.325156 -0.155408 0.932803 -24.474 
0.946856 -0.0625801 0.315511 -6.3835 0.00912992 0.985725 0.168115 -4.65494 -0.321528 -0.1563 0.933911 -24.7624 
0.945164 -0.0600137 0.321035 -6.54482 0.00425359 0.985151 0.171639 -4.77008 -0.326568 -0.160862 0.931384 -24.9219 
0.943025 -0.0535326 0.328388 -6.77338 -0.00154804 0.986255 0.165221 -4.60933 -0.332719 -0.156316 0.92998 -25.0801 
0.939929 -0.0507325 0.33758 -7.05664 -0.00666259 0.985981 0.166727 -4.6885 -0.341306 -0.15896 0.926414 -25.1994 
0.937798 -0.0510527 0.343408 -7.23403 -0.00495389 0.987061 0.16027 -4.49979 -0.347146 -0.152002 0.925411 -25.39 
0.936713 -0.0553364 0.345697 -7.29988 -0.00120193 0.986915 0.161235 -4.51611 -0.350095 -0.151446 0.92439 -25.5761 
0.934046 -0.0579841 0.352413 -7.50223 -0.000526046 0.986509 0.163709 -4.57316 -0.357151 -0.153097 0.921414 -25.7093 
0.931609 -0.0618115 0.358167 -7.67792 -0.00106106 0.984966 0.172743 -4.81582 -0.36346 -0.161309 0.917538 -25.8114 
0.936334 -0.0674946 0.344563 -7.23226 0.00196573 0.982342 0.187084 -5.23215 -0.351106 -0.174496 0.919933 -25.9048 
0.936207 -0.0738113 0.343611 -7.19672 0.00609729 0.980961 0.194108 -5.44119 -0.351396 -0.17963 0.918833 -26.0157 
0.939691 -0.0679991 0.335197 -6.92107 0.00724177 0.983773 0.17927 -4.98423 -0.341948 -0.166031 0.924935 -26.1126 
0.939729 -0.080948 0.3322 -6.86094 0.0192109 0.982537 0.185073 -5.12124 -0.34138 -0.167537 0.924874 -26.0951 
0.928239 -0.0819148 0.362852 -7.80368 0.0159876 0.983336 0.181092 -4.98034 -0.37164 -0.162295 0.914081 -26.4925 
0.927526 -0.0816985 0.364721 -7.84623 0.0170314 0.984043 0.177116 -4.85283 -0.373371 -0.158068 0.914116 -26.647 
0.931338 -0.0717727 0.357013 -7.54559 0.00808674 0.984219 0.176768 -4.88763 -0.364066 -0.161744 0.917221 -26.8524 
0.927568 -0.0693364 0.367166 -7.88825 0.00518576 0.984927 0.172895 -4.78194 -0.373619 -0.158468 0.913946 -26.8992 
0.923139 -0.0759693 0.376886 -8.21352 0.00734827 0.983591 0.180264 -5.00354 -0.384397 -0.16364 0.908549 -26.9504 
0.921179 -0.076249 0.381596 -8.35713 0.00626496 0.983394 0.181374 -5.05643 -0.389089 -0.164687 0.90636 -27.0546 
0.919207 -0.081121 0.385329 -8.47653 0.0135889 0.984502 0.174845 -4.8209 -0.393541 -0.155482 0.906063 -27.1983 
0.919186 -0.0857513 0.384375 -8.43629 0.0133987 0.982251 0.187092 -5.22008 -0.393596 -0.166822 0.90402 -27.2764 
0.919442 -0.0895154 0.382901 -8.38395 0.01447 0.980787 0.194544 -5.43901 -0.392959 -0.173332 0.903072 -27.3475 
0.918371 -0.0866157 0.386126 -8.47903 0.00868032 0.979926 0.199172 -5.59018 -0.395626 -0.179562 0.900687 -27.4047 
0.917675 -0.0858552 0.387946 -8.52798 0.003112 0.977899 0.209055 -5.91476 -0.39732 -0.190637 0.89766 -27.442 
0.92079 -0.0838371 0.380943 -8.2663 0.00194211 0.977602 0.210454 -5.95984 -0.390055 -0.193044 0.900328 -27.6175 
0.915476 -0.0883707 0.392548 -8.67303 0.00554768 0.978264 0.20729 -5.85046 -0.402333 -0.187591 0.896068 -27.6333 
0.915398 -0.089374 0.392503 -8.65883 0.00717879 0.978511 0.206068 -5.80645 -0.402485 -0.185816 0.896369 -27.7496 
0.914983 -0.0848961 0.39446 -8.70907 0.00123121 0.978197 0.207673 -5.87774 -0.40349 -0.189532 0.895139 -27.8191 
0.914763 -0.0770746 0.396571 -8.76764 -0.00924931 0.977379 0.211292 -6.02247 -0.403885 -0.19695 0.893357 -27.8689 
0.913373 -0.0742398 0.400299 -8.89213 -0.0153025 0.976278 0.215978 -6.1847 -0.406837 -0.203394 0.89057 -27.896 
0.914948 -0.0747043 0.396598 -8.7674 -0.0153585 0.975561 0.219191 -6.28931 -0.40328 -0.206639 0.89144 -28.0052 
0.921316 -0.0733459 0.381835 -8.25072 -0.0114978 0.976478 0.215312 -6.15125 -0.388646 -0.202761 0.898801 -28.2671 
0.908195 -0.0794587 0.410936 -9.30565 -0.0118531 0.976538 0.21502 -6.15514 -0.418379 -0.200151 0.885945 -28.065 
0.909771 -0.0760889 0.408078 -9.21412 -0.0129017 0.9774 0.211006 -6.03798 -0.41491 -0.197232 0.888228 -28.2079 
0.911183 -0.0707506 0.405881 -9.15051 -0.01349 0.979494 0.201023 -5.72276 -0.411781 -0.188644 0.891544 -28.377 
0.914348 -0.0720056 0.398475 -8.91968 -0.0149961 0.977366 0.211023 -6.0574 -0.404651 -0.198924 0.892573 -28.4704 
0.917826 -0.0747116 0.38989 -8.66479 -0.0123514 0.976281 0.216153 -6.21202 -0.396792 -0.203206 0.895133 -28.5996 
0.925308 -0.0731836 0.372087 -8.08761 -0.0101108 0.976091 0.217126 -6.23183 -0.37908 -0.20467 0.902446 -28.8409 
0.932445 -0.0669872 0.355048 -7.54361 -0.0127082 0.975975 0.217513 -6.25615 -0.361089 -0.207331 0.909191 -29.0614 
0.943563 -0.0571167 0.326232 -6.59757 -0.0134948 0.977569 0.210184 -6.02144 -0.330919 -0.202724 0.921626 -29.3972 
0.954004 -0.0504724 0.295515 -5.5994 -0.0160517 0.975713 0.218466 -6.31668 -0.299364 -0.213161 0.930023 -29.61 
0.964016 -0.0410999 0.262648 -4.53786 -0.0176189 0.975927 0.217384 -6.28782 -0.26526 -0.214189 0.940085 -29.8537 
0.970463 -0.0352645 0.238661 -3.80714 -0.0169509 0.976847 0.213266 -6.15033 -0.240656 -0.211012 0.947396 -30.0428 
0.983123 -0.0230444 0.181491 -1.93813 -0.014506 0.979093 0.202897 -5.79076 -0.182372 -0.202105 0.962234 -30.3257 
0.990341 -0.00828457 0.138406 -0.594746 -0.0228136 0.974873 0.221592 -6.45231 -0.136764 -0.222609 0.965267 -30.3893 
0.992467 -0.000265656 0.12251 -0.23064 -0.0247878 0.978879 0.202932 -5.79636 -0.119976 -0.20444 0.971499 -30.6626 
0.998757 0.00803583 0.0491866 2.1312 -0.018693 0.975267 0.220237 -6.36693 -0.0462003 -0.220883 0.974205 -30.5513 
0.999241 0.0212102 -0.0326739 4.75425 -0.0127463 0.970623 0.240268 -7.02984 0.0368101 -0.239669 0.970157 -30.1598 
0.999551 0.0143399 -0.0262996 4.36192 -0.00879932 0.979796 0.199807 -5.64143 0.0286334 -0.199486 0.979482 -30.475 
0.995747 0.0184221 -0.0902658 6.33016 -0.000813347 0.981523 0.191344 -5.32366 0.0921229 -0.190457 0.977364 -30.2914 
0.986715 0.0309535 -0.159488 8.46813 -0.000117247 0.981818 0.189826 -5.26758 0.162464 -0.187286 0.968777 -29.8596 
0.964251 0.0617086 -0.257705 11.548 -0.00935456 0.979828 0.199622 -5.63243 0.264825 -0.190075 0.945378 -28.7345 
0.965807 0.0644987 -0.25111 11.2523 -0.00728148 0.974926 0.222409 -6.385 0.259158 -0.212975 0.942061 -29.0918 
0.921356 0.0729292 -0.381818 15.31 -0.00641032 0.98496 0.172664 -4.70499 0.388668 -0.156637 0.907966 -27.3824 
0.908689 0.0780857 -0.410105 16.0865 -0.00545074 0.984487 0.175373 -4.79199 0.417437 -0.157124 0.895018 -26.9899 
0.872224 0.0922362 -0.48033 18.2346 -0.00684072 0.984262 0.176582 -4.82906 0.489058 -0.150734 0.859128 -25.7085 
0.872224 0.0922362 -0.48033 18.2346 -0.00684072 0.984262 0.176582 -4.82906 0.489058 -0.150734 0.859128 -25.7085 
0.872224 0.0922362 -0.48033 18.2346 -0.00684072 0.984262 0.176582 -4.82906 0.489058 -0.150734 0.859128 -25.7085 
0.872224 0.0922362 -0.48033 18.2346 -0.00684072 0.984262 0.176582 -4.82906 0.489058 -0.150734 0.859128 -25.7085 
0.872224 0.0922362 -0.48033 18.2346 -0.00684072 0.984262 0.176582 -4.82906 0.489058 -0.150734 0.859128 -25.7085 
0.872224 0.0922362 -0.48033 18.2346 -0.00684072 0.984262 0.176582 -4.82906 0.489058 -0.150734 0.859128 -25.7085 
0.872224 0.0922362 -0.48033 18.2346 -0.00684072 0.984262 0.176582 -4.82906 0.489058 -0.150734 0.859128 -25.7085 
0.872224 0.0922362 -0.48033 18.2346 -0.00684072 0.984262 0.176582 -4.82906 0.489058 -0.150734 0.859128 -25.7085 
0.872224 0.0922362 -0.48033 18.2346 -0.00684072 0.984262 0.176582 -4.82906 0.489058 -0.150734 0.859128 -25.7085 
0.872224 0.0922362 -0.48033 18.2346 -0.00684072 0.984262 0.176582 -4.82906 0.489058 -0.150734 0.859128 -25.7085 
0.872224 0.0922362 -0.48033 18.2346 -0.00684072 0.984262 0.176582 -4.82906 0.489058 -0.150734 0.859128 -25.7085 
0.872224 0.0922362 -0.48033 18.2346 -0.00684072 0.984262 0.176582 -4.82906 0.489058 -0.150734 0.859128 -25.7085 
0.872224 0.0922362 -0.48033 18.2346 -0.00684072 0.984262 0.176582 -4.82906 0.489058 -0.150734 0.859128 -25.7085 
0.872224 0.0922362 -0.48033 18.2346 -0.00684072 0.984262 0.176582 -4.82906 0.489058 -0.150734 0.859128 -25.7085 
0.872224 0.0922362 -0.48033 18.2346 -0.00684072 0.984262 0.176582 -4.82906 0.489058 -0.150734 0.859128 -25.7085 
0.872224 0.0922362 -0.48033 18.2346 -0.00684072 0.984262 0.176582 -4.82906 0.489058 -0.150734 0.859128 -25.7085 
0.872224 0.0922362 -0.48033 18.2346 -0.00684072 0.984262 0.176582 -4.82906 0.489058 -0.150734 0.859128 -25.7085 
0.872224 0.0922362 -0.48033 18.2346 -0.00684072 0.984262 0.176582 -4.82906 0.489058 -0.150734 0.859128 -25.7085 
0.872224 0.0922362 -0.48033 18.2346 -0.00684072 0.984262 0.176582 -4.82906 0.489058 -0.150734 0.859128 -25.7085 
0.872224 0.0922362 -0.48033 18.2346 -0.00684072 0.984262 0.176582 -4.82906 0.489058 -0.150734 0.859128 -25.7085 
0.872224 0.0922362 -0.48033 18.2346 -0.00684072 0.984262 0.176582 -4.82906 0.489058 -0.150734 0.859128 -25.7085 
0.872224 0.0922362 -0.48033 18.2346 -0.00684072 0.984262 0.176582 -4.82906 0.489058 -0.150734 0.859128 -25.7085 
0.872224 0.0922362 -0.48033 18.2346 -0.00684072 0.984262 0.176582 -4.82906 0.489058 -0.150734 0.859128 -25.7085 
0.872224 0.0922362 -0.48033 18.2346 -0.00684072 0.984262 0.176582 -4.82906 0.489058 -0.150734 0.859128 -25.7085 
0.872224 0.0922362 -0.48033 18.2346 -0.00684072 0.984262 0.176582 -4.82906 0.489058 -0.150734 0.859128 -25.7085 
0.872224 0.0922362 -0.48033 18.2346 -0.00684072 0.984262 0.176582 -4.82906 0.489058 -0.150734 0.859128 -25.7085 
0.872224 0.0922362 -0.48033 18.2346 -0.00684072 0.984262 0.176582 -4.82906 0.489058 -0.150734 0.859128 -25.7085 
0.872224 0.0922362 -0.48033 18.2346 -0.00684072 0.984262 0.176582 -4.82906 0.489058 -0.150734 0.859128 -25.7085 
0.872224 0.0922362 -0.48033 18.2346 -0.00684072 0.984262 0.176582 -4.82906 0.489058 -0.150734 0.859128 -25.7085 
0.872224 0.0922362 -0.48033 18.2346 -0.00684072 0.984262 0.176582 -4.82906 0.489058 -0.150734 0.859128 -25.7085 
0.872224 0.0922362 -0.48033 18.2346 -0.00684072 0.984262 0.176582 -4.82906 0.489058 -0.150734 0.859128 -25.7085 
0.872224 0.0922362 -0.48033 18.2346 -0.00684072 0.984262 0.176582 -4.82906 0.489058 -0.150734 0.859128 -25.7085 
0.872224 0.0922362 -0.48033 18.2346 -0.00684072 0.984262 0.176582 -4.82906 0.489058 -0.150734 0.859128 -25.7085 
0.872224 0.0922362 -0.48033 18.2346 -0.00684072 0.984262 0.176582 -4.82906 0.489058 -0.150734 0.859128 -25.7085 
0.872224 0.0922362 -0.48033 18.2346 -0.00684072 0.984262 0.176582 -4.82906 0.489058 -0.150734 0.859128 -25.7085 
0.872224 0.0922362 -0.48033 18.2346 -0.00684072 0.984262 0.176582 -4.82906 0.489058 -0.150734 0.859128 -25.7085 
0.872224 0.0922362 -0.48033 18.2346 -0.00684072 0.984262 0.176582 -4.82906 0.489058 -0.150734 0.859128 -25.7085 
0.872224 0.0922362 -0.48033 18.2346 -0.00684072 0.984262 0.176582 -4.82906 0.489058 -0.150734 0.859128 -25.7085 
0.872224 0.0922362 -0.48033 18.2346 -0.00684072 0.984262 0.176582 -4.82906 0.489058 -0.150734 0.859128 -25.7085 
0.872224 0.0922362 -0.48033 18.2346 -0.00684072 0.984262 0.176582 -4.82906 0.489058 -0.150734 0.859128 -25.7085 
0.872224 0.0922362 -0.48033 18.2346 -0.00684072 0.984262 0.176582 -4.82906 0.489058 -0.150734 0.859128 -25.7085 
0.802451 -0.476875 -0.358695 13.4268 0.544018 0.831646 0.111394 -1.1572 0.245187 -0.284525 0.926784 -28.9511 
0.802451 -0.476875 -0.358695 13.4268 0.544018 0.831646 0.111394 -1.1572 0.245187 -0.284525 0.926784 -28.9511 
0.802451 -0.476875 -0.358695 13.4268 0.544018 0.831646 0.111394 -1.1572 0.245187 -0.284525 0.926784 -28.9511 
0.802451 -0.476875 -0.358695 13.4268 0.544018 0.831646 0.111394 -1.1572 0.245187 -0.284525 0.926784 -28.9511 
-0.875487 0.0188682 -0.482873 13.3351 -0.0183052 -0.999815 -0.00587874 -1.08254 -0.482894 0.00369234 0.875671 -31.633 
-0.794028 0.322415 -0.515332 15.01 -0.198133 -0.938726 -0.282023 7.84816 -0.574684 -0.12183 0.809256 -30.5324 
-0.794028 0.322415 -0.515332 15.01 -0.198133 -0.938726 -0.282023 7.84816 -0.574684 -0.12183 0.809256 -30.5324 
-0.794028 0.322415 -0.515332 15.01 -0.198133 -0.938726 -0.282023 7.84816 -0.574684 -0.12183 0.809256 -30.5324 
-0.794028 0.322415 -0.515332 15.01 -0.198133 -0.938726 -0.282023 7.84816 -0.574684 -0.12183 0.809256 -30.5324 
-0.794028 0.322415 -0.515332 15.01 -0.198133 -0.938726 -0.282023 7.84816 -0.574684 -0.12183 0.809256 -30.5324 
-0.794028 0.322415 -0.515332 15.01 -0.198133 -0.938726 -0.282023 7.84816 -0.574684 -0.12183 0.809256 -30.5324 
-0.794028 0.322415 -0.515332 15.01 -0.198133 -0.938726 -0.282023 7.84816 -0.574684 -0.12183 0.809256 -30.5324 
-0.794028 0.322415 -0.515332 15.01 -0.198133 -0.938726 -0.282023 7.84816 -0.574684 -0.12183 0.809256 -30.5324 
-0.794028 0.322415 -0.515332 15.01 -0.198133 -0.938726 -0.282023 7.84816 -0.574684 -0.12183 0.809256 -30.5324 
-0.794028 0.322415 -0.515332 15.01 -0.198133 -0.938726 -0.282023 7.84816 -0.574684 -0.12183 0.809256 -30.5324 
-0.794028 0.322415 -0.515332 15.01 -0.198133 -0.938726 -0.282023 7.84816 -0.574684 -0.12183 0.809256 -30.5324 
-0.794028 0.322415 -0.515332 15.01 -0.198133 -0.938726 -0.282023 7.84816 -0.574684 -0.12183 0.809256 -30.5324 
-0.794028 0.322415 -0.515332 15.01 -0.198133 -0.938726 -0.282023 7.84816 -0.574684 -0.12183 0.809256 -30.5324 
-0.794028 0.322415 -0.515332 15.01 -0.198133 -0.938726 -0.282023 7.84816 -0.574684 -0.12183 0.809256 -30.5324 
-0.794028 0.322415 -0.515332 15.01 -0.198133 -0.938726 -0.282023 7.84816 -0.574684 -0.12183 0.809256 -30.5324 
-0.794028 0.322415 -0.515332 15.01 -0.198133 -0.938726 -0.282023 7.84816 -0.574684 -0.12183 0.809256 -30.5324 
-0.794028 0.322415 -0.515332 15.01 -0.198133 -0.938726 -0.282023 7.84816 -0.574684 -0.12183 0.809256 -30.5324 
-0.794028 0.322415 -0.515332 15.01 -0.198133 -0.938726 -0.282023 7.84816 -0.574684 -0.12183 0.809256 -30.5324 
-0.794028 0.322415 -0.515332 15.01 -0.198133 -0.938726 -0.282023 7.84816 -0.574684 -0.12183 0.809256 -30.5324 
-0.794028 0.322415 -0.515332 15.01 -0.198133 -0.938726 -0.282023 7.84816 -0.574684 -0.12183 0.809256 -30.5324 
-0.794028 0.322415 -0.515332 15.01 -0.198133 -0.938726 -0.282023 7.84816 -0.574684 -0.12183 0.809256 -30.5324 
-0.794028 0.322415 -0.515332 15.01 -0.198133 -0.938726 -0.282023 7.84816 -0.574684 -0.12183 0.809256 -30.5324 
-0.794028 0.322415 -0.515332 15.01 -0.198133 -0.938726 -0.282023 7.84816 -0.574684 -0.12183 0.809256 -30.5324 
-0.794028 0.322415 -0.515332 15.01 -0.198133 -0.938726 -0.282023 7.84816 -0.574684 -0.12183 0.809256 -30.5324 
-0.794028 0.322415 -0.515332 15.01 -0.198133 -0.938726 -0.282023 7.84816 -0.574684 -0.12183 0.809256 -30.5324 
-0.794028 0.322415 -0.515332 15.01 -0.198133 -0.938726 -0.282023 7.84816 -0.574684 -0.12183 0.809256 -30.5324 
-0.794028 0.322415 -0.515332 15.01 -0.198133 -0.938726 -0.282023 7.84816 -0.574684 -0.12183 0.809256 -30.5324 
-0.794028 0.322415 -0.515332 15.01 -0.198133 -0.938726 -0.282023 7.84816 -0.574684 -0.12183 0.809256 -30.5324 
-0.794028 0.322415 -0.515332 15.01 -0.198133 -0.938726 -0.282023 7.84816 -0.574684 -0.12183 0.809256 -30.5324 
-0.794028 0.322415 -0.515332 15.01 -0.198133 -0.938726 -0.282023 7.84816 -0.574684 -0.12183 0.809256 -30.5324 
-0.794028 0.322415 -0.515332 15.01 -0.198133 -0.938726 -0.282023 7.84816 -0.574684 -0.12183 0.809256 -30.5324 
-0.794028 0.322415 -0.515332 15.01 -0.198133 -0.938726 -0.282023 7.84816 -0.574684 -0.12183 0.809256 -30.5324 
-0.794028 0.322415 -0.515332 15.01 -0.198133 -0.938726 -0.282023 7.84816 -0.574684 -0.12183 0.809256 -30.5324 
-0.794028 0.322415 -0.515332 15.01 -0.198133 -0.938726 -0.282023 7.84816 -0.574684 -0.12183 0.809256 -30.5324 
-0.794028 0.322415 -0.515332 15.01 -0.198133 -0.938726 -0.282023 7.84816 -0.574684 -0.12183 0.809256 -30.5324 
-0.794028 0.322415 -0.515332 15.01 -0.198133 -0.938726 -0.282023 7.84816 -0.574684 -0.12183 0.809256 -30.5324 
-0.794028 0.322415 -0.515332 15.01 -0.198133 -0.938726 -0.282023 7.84816 -0.574684 -0.12183 0.809256 -30.5324 
-0.794028 0.322415 -0.515332 15.01 -0.198133 -0.938726 -0.282023 7.84816 -0.574684 -0.12183 0.809256 -30.5324 
-0.794028 0.322415 -0.515332 15.01 -0.198133 -0.938726 -0.282023 7.84816 -0.574684 -0.12183 0.809256 -30.5324 
-0.794028 0.322415 -0.515332 15.01 -0.198133 -0.938726 -0.282023 7.84816 -0.574684 -0.12183 0.809256 -30.5324 
-0.794028 0.322415 -0.515332 15.01 -0.198133 -0.938726 -0.282023 7.84816 -0.574684 -0.12183 0.809256 -30.5324 
-0.794028 0.322415 -0.515332 15.01 -0.198133 -0.938726 -0.282023 7.84816 -0.574684 -0.12183 0.809256 -30.5324 
-0.794028 0.322415 -0.515332 15.01 -0.198133 -0.938726 -0.282023 7.84816 -0.574684 -0.12183 0.809256 -30.5324 
-0.794028 0.322415 -0.515332 15.01 -0.198133 -0.938726 -0.282023 7.84816 -0.574684 -0.12183 0.809256 -30.5324 
-0.794028 0.322415 -0.515332 15.01 -0.198133 -0.938726 -0.282023 7.84816 -0.574684 -0.12183 0.809256 -30.5324 
-0.794028 0.322415 -0.515332 15.01 -0.198133 -0.938726 -0.282023 7.84816 -0.574684 -0.12183 0.809256 -30.5324 
-0.794028 0.322415 -0.515332 15.01 -0.198133 -0.938726 -0.282023 7.84816 -0.574684 -0.12183 0.809256 -30.5324 
-0.794028 0.322415 -0.515332 15.01 -0.198133 -0.938726 -0.282023 7.84816 -0.574684 -0.12183 0.809256 -30.5324 
-0.794028 0.322415 -0.515332 15.01 -0.198133 -0.938726 -0.282023 7.84816 -0.574684 -0.12183 0.809256 -30.5324 
-0.794028 0.322415 -0.515332 15.01 -0.198133 -0.938726 -0.282023 7.84816 -0.574684 -0.12183 0.809256 -30.5324 
-0.794028 0.322415 -0.515332 15.01 -0.198133 -0.938726 -0.282023 7.84816 -0.574684 -0.12183 0.809256 -30.5324 
-0.794028 0.322415 -0.515332 15.01 -0.198133 -0.938726 -0.282023 7.84816 -0.574684 -0.12183 0.809256 -30.5324 
-0.794028 0.322415 -0.515332 15.01 -0.198133 -0.938726 -0.282023 7.84816 -0.574684 -0.12183 0.809256 -30.5324 
-0.794028 0.322415 -0.515332 15.01 -0.198133 -0.938726 -0.282023 7.84816 -0.574684 -0.12183 0.809256 -30.5324 
-0.794028 0.322415 -0.515332 15.01 -0.198133 -0.938726 -0.282023 7.84816 -0.574684 -0.12183 0.809256 -30.5324 
-0.794028 0.322415 -0.515332 15.01 -0.198133 -0.938726 -0.282023 7.84816 -0.574684 -0.12183 0.809256 -30.5324 
-0.794028 0.322415 -0.515332 15.01 -0.198133 -0.938726 -0.282023 7.84816 -0.574684 -0.12183 0.809256 -30.5324 
-0.794028 0.322415 -0.515332 15.01 -0.198133 -0.938726 -0.282023 7.84816 -0.574684 -0.12183 0.809256 -30.5324 
-0.794028 0.322415 -0.515332 15.01 -0.198133 -0.938726 -0.282023 7.84816 -0.574684 -0.12183 0.809256 -30.5324 
-0.794028 0.322415 -0.515332 15.01 -0.198133 -0.938726 -0.282023 7.84816 -0.574684 -0.12183 0.809256 -30.5324 
-0.794028 0.322415 -0.515332 15.01 -0.198133 -0.938726 -0.282023 7.84816 -0.574684 -0.12183 0.809256 -30.5324 
-0.794028 0.322415 -0.515332 15.01 -0.198133 -0.938726 -0.282023 7.84816 -0.574684 -0.12183 0.809256 -30.5324 
-0.794028 0.322415 -0.515332 15.01 -0.198133 -0.938726 -0.282023 7.84816 -0.574684 -0.12183 0.809256 -30.5324 
-0.794028 0.322415 -0.515332 15.01 -0.198133 -0.938726 -0.282023 7.84816 -0.574684 -0.12183 0.809256 -30.5324 
-0.794028 0.322415 -0.515332 15.01 -0.198133 -0.938726 -0.282023 7.84816 -0.574684 -0.12183 0.809256 -30.5324 
-0.794028 0.322415 -0.515332 15.01 -0.198133 -0.938726 -0.282023 7.84816 -0.574684 -0.12183 0.809256 -30.5324 
-0.794028 0.322415 -0.515332 15.01 -0.198133 -0.938726 -0.282023 7.84816 -0.574684 -0.12183 0.809256 -30.5324 
-0.794028 0.322415 -0.515332 15.01 -0.198133 -0.938726 -0.282023 7.84816 -0.574684 -0.12183 0.809256 -30.5324 
-0.794028 0.322415 -0.515332 15.01 -0.198133 -0.938726 -0.282023 7.84816 -0.574684 -0.12183 0.809256 -30.5324 
-0.794028 0.322415 -0.515332 15.01 -0.198133 -0.938726 -0.282023 7.84816 -0.574684 -0.12183 0.809256 -30.5324 
-0.794028 0.322415 -0.515332 15.01 -0.198133 -0.938726 -0.282023 7.84816 -0.574684 -0.12183 0.809256 -30.5324 
-0.794028 0.322415 -0.515332 15.01 -0.198133 -0.938726 -0.282023 7.84816 -0.574684 -0.12183 0.809256 -30.5324 
-0.794028 0.322415 -0.515332 15.01 -0.198133 -0.938726 -0.282023 7.84816 -0.574684 -0.12183 0.809256 -30.5324 
-0.794028 0.322415 -0.515332 15.01 -0.198133 -0.938726 -0.282023 7.84816 -0.574684 -0.12183 0.809256 -30.5324 
-0.794028 0.322415 -0.515332 15.01 -0.198133 -0.938726 -0.282023 7.84816 -0.574684 -0.12183 0.809256 -30.5324 
-0.794028 0.322415 -0.515332 15.01 -0.198133 -0.938726 -0.282023 7.84816 -0.574684 -0.12183 0.809256 -30.5324 
-0.794028 0.322415 -0.515332 15.01 -0.198133 -0.938726 -0.282023 7.84816 -0.574684 -0.12183 0.809256 -30.5324 
-0.794028 0.322415 -0.515332 15.01 -0.198133 -0.938726 -0.282023 7.84816 -0.574684 -0.12183 0.809256 -30.5324 
-0.794028 0.322415 -0.515332 15.01 -0.198133 -0.938726 -0.282023 7.84816 -0.574684 -0.12183 0.809256 -30.5324 
-0.794028 0.322415 -0.515332 15.01 -0.198133 -0.938726 -0.282023 7.84816 -0.574684 -0.12183 0.809256 -30.5324 
-0.794028 0.322415 -0.515332 15.01 -0.198133 -0.938726 -0.282023 7.84816 -0.574684 -0.12183 0.809256 -30.5324 
-0.794028 0.322415 -0.515332 15.01 -0.198133 -0.938726 -0.282023 7.84816 -0.574684 -0.12183 0.809256 -30.5324 
-0.794028 0.322415 -0.515332 15.01 -0.198133 -0.938726 -0.282023 7.84816 -0.574684 -0.12183 0.809256 -30.5324 
-0.794028 0.322415 -0.515332 15.01 -0.198133 -0.938726 -0.282023 7.84816 -0.574684 -0.12183 0.809256 -30.5324 
-0.794028 0.322415 -0.515332 15.01 -0.198133 -0.938726 -0.282023 7.84816 -0.574684 -0.12183 0.809256 -30.5324 
