1 0 0 0 0 1 0 0 0 0 1 0
0.999998 -0.0017698 0.000861217 -0.0150375 0.00176798 0.999996 0.00210768 -0.0205791 -0.000864943 -0.00210616 0.999997 0.999675
0.999996 -0.00217496 0.00197875 -0.026412 0.00216955 0.999994 0.00273301 -0.037788 -0.00198469 -0.0027287 0.999994 1.99499
0.999983 -0.00380662 0.00445561 -0.0517656 0.00380245 0.999992 0.000943954 -0.0479155 -0.00445917 -0.000926995 0.99999 3.00305
0.999898 -0.00933338 -0.0108403 0.126379 0.00931397 0.999955 -0.00183947 -0.0502039 0.010857 0.00173832 0.99994 3.8713
0.999772 -0.00750714 -0.0199697 0.215331 0.00757857 0.999965 0.00350338 -0.116605 0.0199427 -0.00365392 0.999794 4.597
0.999734 -0.0100277 -0.0207615 0.18345 0.0101397 0.999935 0.00529437 -0.126698 0.020707 -0.00550348 0.99977 5.22035
0.999643 -0.0116688 -0.0240419 0.174416 0.0119229 0.999874 0.0104534 -0.181292 0.0239169 -0.0107363 0.999656 5.83759
0.999804 -0.0129594 -0.0150003 -0.00862768 0.0132021 0.999782 0.0161904 -0.279054 0.0147872 -0.0163852 0.999756 6.31519
0.999873 -0.00884855 -0.013258 -0.064313 0.0090012 0.999893 0.0114993 -0.257044 0.0131548 -0.0116171 0.999846 6.87025
0.99978 -0.00620534 -0.0200582 -0.00969307 0.00642342 0.999921 0.0108263 -0.261481 0.0199894 -0.0109527 0.99974 7.53404
0.999797 -0.00506408 -0.0195191 -0.0286708 0.00534627 0.999882 0.0144323 -0.305914 0.0194437 -0.0145337 0.999705 8.08385
0.99986 -0.00603786 -0.0155975 -0.0798533 0.00632725 0.999808 0.0185718 -0.336167 0.0154823 -0.0186679 0.999706 8.58769
0.999666 -0.0257007 -0.00267395 -0.204774 0.0257947 0.998663 0.0447962 -0.425646 0.00151908 -0.0448502 0.998993 8.94573
0.999759 0.0155494 -0.0155251 -0.0411848 -0.0158673 0.999663 -0.0205655 -0.0462932 0.0152001 0.0208069 0.999668 9.62606
0.999294 0.0308007 -0.0215104 -0.00881815 -0.0317905 0.998375 -0.0472981 0.0725342 0.0200186 0.0479485 0.998649 10.2287
0.999664 0.00296412 -0.025751 0.0118153 -0.00377056 0.999502 -0.0313252 -0.0193427 0.0256453 0.0314117 0.999177 9.97133
0.999682 0.00662846 -0.0243427 0.000859297 -0.00745147 0.999398 -0.033876 -0.0171395 0.0241035 0.0340466 0.99913 10.0717
0.999697 0.00938271 -0.0227774 -0.00781777 -0.0100886 0.999466 -0.031076 -0.0270973 0.0224736 0.0312963 0.999257 10.1447
0.999707 -0.00196557 -0.0241433 -0.00272916 0.00127687 0.999593 -0.0285082 -0.0221313 0.0241895 0.028469 0.999302 10.2096
0.999634 -0.00463864 -0.026649 0.0143709 0.00395519 0.999663 -0.0256424 -0.0333221 0.026759 0.0255276 0.999316 10.3215
0.999483 -0.015927 -0.0279323 0.0109537 0.0149994 0.999339 -0.03311 -0.00208298 0.0284412 0.0326739 0.999061 10.4442
0.998861 -0.0277635 -0.038816 0.0748673 0.0266684 0.999239 -0.0284495 -0.0496611 0.0395763 0.0273819 0.998841 10.5046
0.998886 -0.0298843 -0.0365154 0.0666773 0.0290579 0.999314 -0.0229584 -0.0945545 0.0371764 0.0218718 0.999069 10.473
0.998072 -0.0431241 -0.044638 0.111028 0.0420506 0.99881 -0.0247157 -0.0976929 0.0456507 0.022791 0.998697 10.5993
0.997674 -0.0481179 -0.0482765 0.127491 0.047183 0.99868 -0.0203217 -0.148035 0.0491906 0.0179966 0.998627 10.7134
0.997829 -0.0425343 -0.0502769 0.135499 0.0413948 0.998867 -0.0234917 -0.130635 0.0512192 0.0213595 0.998459 10.8403
0.997865 -0.0470977 -0.0452436 0.0996917 0.0463944 0.998787 -0.0164719 -0.158194 0.0459645 0.0143377 0.99884 10.8116
0.997672 -0.0454843 -0.0508051 0.13074 0.0451103 0.998946 -0.00848445 -0.201894 0.0511375 0.00617287 0.998673 10.8903
0.99732 -0.0429716 -0.0592188 0.18534 0.0429784 0.999075 -0.00115882 -0.24234 0.0592139 -0.00138941 0.998244 10.9229
0.997045 -0.0481127 -0.0598924 0.174951 0.0477223 0.998829 -0.00793327 -0.209934 0.0602039 0.00505163 0.998173 11.0743
0.995121 -0.0596202 -0.0786108 0.273576 0.059765 0.998212 -0.000511167 -0.25375 0.0785007 -0.0041895 0.996905 11.1501
0.995318 -0.0558802 -0.0788661 0.275947 0.0561573 0.998421 0.00129792 -0.259003 0.078669 -0.00572074 0.996884 11.1819
0.995062 -0.0621351 -0.0773967 0.24569 0.0614622 0.998048 -0.0110474 -0.191166 0.0779321 0.00623584 0.996939 11.3332
0.994187 -0.0625616 -0.0876239 0.304918 0.0628307 0.998024 0.00031384 -0.258591 0.0874311 -0.00581748 0.996154 11.3441
0.997757 -0.0365309 -0.0561022 0.118615 0.0367386 0.999321 0.002676 -0.269585 0.0559663 -0.00473111 0.998421 11.4389
0.993746 -0.0741113 -0.0835232 0.239077 0.0742111 0.997241 -0.00191346 -0.240519 0.0834345 -0.00429686 0.996504 11.5521
0.995279 -0.0657712 -0.0713646 0.165346 0.0670688 0.997621 0.0159386 -0.342525 0.0701465 -0.0206497 0.997323 11.5723
0.997596 -0.0231374 -0.0653219 0.141158 0.0245516 0.999479 0.020931 -0.36926 0.0648036 -0.0224844 0.997645 11.6902
0.997883 -0.0266302 -0.0593368 0.095972 0.0281025 0.999314 0.0241189 -0.379046 0.0586538 -0.0257354 0.997947 11.7625
0.997496 -0.0303859 -0.0638684 0.111641 0.0316954 0.999306 0.0195902 -0.345004 0.0632288 -0.0215655 0.997766 11.8187
0.997813 -0.0351444 -0.0559762 0.0579969 0.0371579 0.998684 0.0353448 -0.429893 0.0546604 -0.0373474 0.997806 11.9148
0.997841 -0.0347331 -0.0557429 0.0526293 0.0370408 0.998476 0.0409149 -0.456319 0.0542368 -0.0428913 0.997606 11.9648
0.996744 -0.0337757 -0.0732213 0.144608 0.0359372 0.99895 0.0284057 -0.380202 0.072185 -0.0309446 0.996911 11.987
0.998336 -0.0244407 -0.0522275 0.0313203 0.0264548 0.998919 0.0382278 -0.434142 0.0512368 -0.0395459 0.997903 12.2179
0.997891 -0.0367441 -0.0535125 0.0287932 0.0388503 0.998489 0.0388663 -0.431746 0.0520035 -0.0408633 0.997811 12.276
0.997333 -0.0432239 -0.0588135 0.0494967 0.0457407 0.998064 0.0421402 -0.446294 0.0568782 -0.044718 0.997379 12.345
0.997222 -0.0450194 -0.059349 0.0518933 0.0477251 0.997847 0.0449897 -0.456114 0.0571958 -0.0476971 0.997223 12.3604
0.998171 -0.0316651 -0.0514948 0.0173869 0.0341062 0.998301 0.0472368 -0.471181 0.0499115 -0.0489067 0.997555 12.5474
0.998132 -0.0404701 -0.0457623 -0.01541 0.0427303 0.997858 0.0495389 -0.475813 0.0436595 -0.0514018 0.997723 12.6042
0.997523 -0.0489835 -0.0504826 -0.00160198 0.0512511 0.997687 0.0446476 -0.443921 0.0481788 -0.0471243 0.997726 12.6409
0.99831 -0.0121371 -0.0568392 0.0415637 0.0151362 0.998499 0.052635 -0.473721 0.0561151 -0.0534064 0.996995 12.7996
0.998483 -0.0176805 -0.0521429 0.0158069 0.0204393 0.998393 0.0528579 -0.468707 0.0511245 -0.0538435 0.99724 12.8762
0.998196 -0.00650538 -0.059693 0.0459083 0.0104454 0.997769 0.0659312 -0.520628 0.059131 -0.0664358 0.996037 12.9622
0.998198 -0.051227 -0.0312496 -0.0950646 0.0529415 0.996983 0.056757 -0.476964 0.0282479 -0.0583091 0.997899 12.9845
0.997451 -0.020546 -0.0683389 0.195681 0.0199168 0.999753 -0.00987616 -0.184407 0.068525 0.00848989 0.997613 11.7125
0.997338 -0.033585 -0.0647157 0.172468 0.0334708 0.999436 -0.00284788 -0.215925 0.0647748 0.000674221 0.9979 11.7926
0.998515 -0.025225 -0.0482895 0.0901139 0.0254861 0.999664 0.0047969 -0.259296 0.0481522 -0.00602048 0.998822 11.7554
0.997682 -0.0327529 -0.0596452 0.156148 0.0326684 0.999463 -0.0023911 -0.220458 0.0596915 0.000437044 0.998217 11.795
0.997867 -0.0313816 -0.0572476 0.130567 0.0315913 0.999497 0.0027619 -0.250423 0.0571321 -0.00456453 0.998356 11.8454
0.994748 -0.037479 -0.0952454 0.108664 0.0423427 0.997873 0.0495671 -0.441126 0.0931851 -0.0533398 0.994219 13.6169
0.998043 -0.0254213 -0.0571289 0.127357 0.0253026 0.999676 -0.00280122 -0.229736 0.0571816 0.00135023 0.998363 11.9062
0.997953 -0.0262261 -0.0583309 0.126243 0.0262095 0.999656 -0.00104978 -0.236439 0.0583384 -0.00048119 0.998297 11.9324
0.99805 -0.0202382 -0.059048 0.122545 0.0201001 0.999794 -0.00293173 -0.225853 0.0590952 0.00173914 0.998251 11.9768
0.997162 -0.0414282 -0.0628566 0.124476 0.041779 0.999118 0.00427581 -0.253095 0.062624 -0.00688976 0.998013 12.058
0.997549 -0.0269929 -0.0645535 0.124136 0.0271397 0.999631 0.00139831 -0.246154 0.0644919 -0.00314685 0.997913 12.1278
0.998201 -0.0196065 -0.0566612 0.0958189 0.0195745 0.999808 -0.00112087 -0.232168 0.0566723 9.74472e-06 0.998393 12.0567
0.997827 -0.0272126 -0.0600117 0.120032 0.0271918 0.99963 -0.00116258 -0.219063 0.0600212 -0.000471772 0.998197 11.9134
0.996515 -0.0540636 -0.063524 0.093085 0.0547137 0.998466 0.00853769 -0.280113 0.0629649 -0.0119836 0.997944 12.277
0.996896 -0.042687 -0.0661462 0.200472 0.0416231 0.998982 -0.0173797 -0.127339 0.0668207 0.0145725 0.997659 11.3976
0.997001 -0.0479573 -0.060745 0.151356 0.0470886 0.998768 -0.0156527 -0.143879 0.0614208 0.0127453 0.998031 11.5752
0.997532 -0.0316721 -0.0626622 0.163367 0.0312655 0.999483 -0.00745883 -0.195363 0.0628661 0.00548126 0.998007 11.6105
0.997242 -0.0416377 -0.0614442 0.153163 0.0412389 0.999119 -0.00774431 -0.193123 0.0617126 0.00518906 0.99808 11.6545
0.997009 -0.0445123 -0.0631798 0.163698 0.0438884 0.998973 -0.01123 -0.165291 0.0636148 0.00842357 0.997939 11.6396
0.997179 -0.0380651 -0.0646865 0.165734 0.037512 0.999249 -0.00974377 -0.169291 0.0650088 0.00728976 0.997858 11.694
0.996717 -0.0620719 -0.0519917 0.0992298 0.0616575 0.998052 -0.00953722 -0.17575 0.0524824 0.00630023 0.998602 11.6133
0.995956 -0.0522436 -0.0730946 0.242585 0.0513236 0.998578 -0.0144089 -0.156947 0.0737434 0.0105991 0.997221 11.3894
0.996843 -0.0470335 -0.0639613 0.157749 0.04627 0.99884 -0.0133668 -0.176074 0.0645157 0.0103651 0.997863 11.7658
0.997519 -0.0360842 -0.0604403 0.144388 0.0365387 0.999312 0.00643061 -0.278442 0.0601666 -0.00862307 0.998151 11.7348
0.997716 -0.00562001 -0.0673203 0.0859794 0.00723981 0.99969 0.0238413 -0.354863 0.0671654 -0.0242743 0.997447 12.734
0.995287 -0.0786691 -0.0566959 0.117526 0.0787166 0.996896 -0.00139964 -0.211431 0.05663 -0.00306986 0.998391 11.8651
0.995315 -0.0768775 -0.0586276 0.0670027 0.0782553 0.9967 0.0215753 -0.335603 0.0567755 -0.0260622 0.998047 12.5685
0.995952 -0.0690572 -0.0575372 0.0585171 0.0702784 0.997337 0.0194761 -0.339189 0.056039 -0.0234409 0.998153 12.6469
0.994951 -0.0856572 -0.052308 0.043796 0.0870083 0.995916 0.0241208 -0.356918 0.0500282 -0.0285502 0.99834 12.6535
0.998434 -0.0180949 -0.0529297 0.0710647 0.0184791 0.999806 0.00677976 -0.300886 0.0527967 -0.00774723 0.998575 12.5472
0.994979 -0.0851797 -0.0525467 0.0319844 0.0869046 0.99572 0.0314597 -0.381166 0.0496421 -0.0358683 0.998123 12.8389
0.993685 -0.10108 -0.0487139 0.0451493 0.102364 0.994443 0.0246116 -0.337592 0.0459554 -0.0294427 0.99851 12.607
0.994861 -0.0843087 -0.0560745 0.058754 0.0861268 0.995807 0.0308327 -0.365015 0.0532399 -0.0355038 0.99795 12.8189
0.888845 0.433324 -0.148949 0.0326123 -0.443697 0.895112 -0.0436698 -0.414511 0.114403 0.104904 0.98788 14.8156
0.999427 -0.000957615 -0.0338414 -0.00140428 0.00119851 0.999974 0.00709871 -0.31721 0.0338337 -0.0071352 0.999402 13.0022
-0.190078 -0.966205 -0.174121 -0.306392 0.98167 -0.189562 -0.0197455 -0.407297 -0.0139286 -0.174683 0.984526 15.4781
0.998547 -0.0418296 -0.033969 -0.00873936 0.0425279 0.998893 0.0201033 -0.343287 0.0330904 -0.0215187 0.999221 12.8696
0.998547 -0.0418296 -0.033969 0.961023 0.0425279 0.998893 0.0201033 1.35728 0.0330904 -0.0215187 0.999221 10.4197
0.998524 -0.0432069 -0.0329169 -0.0384916 0.043899 0.998824 0.0206001 -0.347379 0.0319881 -0.0220147 0.999246 13.8691
0.998469 -0.0452152 -0.0318497 -0.0685908 0.0460322 0.998617 0.0254003 -0.380779 0.0306572 -0.0268276 0.99917 14.3574
0.998547 -0.0448058 -0.0299552 -0.0769748 0.045543 0.998664 0.0243975 -0.36557 0.0288221 -0.0257263 0.999253 14.8124
0.998471 -0.0435086 -0.034108 -0.22805 0.044166 0.998848 0.0187623 -0.3424 0.0332524 -0.02024 0.999242 15.6352
0.997902 -0.0491075 -0.0421841 -0.326857 0.0497822 0.998646 0.0150928 -0.303611 0.0413858 -0.0171611 0.998996 16.4292
0.997678 -0.0493451 -0.0469414 -0.43147 0.0499106 0.998694 0.0109514 -0.279848 0.0463397 -0.0132688 0.998838 17.1287
0.998422 -0.0321001 -0.0460874 -0.454271 0.0319954 0.999483 -0.00300631 -0.279481 0.0461601 0.00152698 0.998933 17.6144
0.987459 -0.146633 -0.0585097 -0.24583 0.151885 0.983463 0.0986523 -0.47628 0.0430764 -0.106302 0.9934 17.4529
0.987459 -0.146633 -0.0585097 0.158528 0.151885 0.983463 0.0986523 -2.51223 0.0430764 -0.106302 0.9934 17.3642
0.997119 -0.0557659 -0.0514155 -0.476093 0.0564228 0.998342 0.0114143 -0.282853 0.0506937 -0.0142824 0.998612 18.1277
0.997117 -0.0546284 -0.0526714 -0.489872 0.0552567 0.998416 0.0105451 -0.281637 0.052012 -0.0134251 0.998556 18.3812
0.997021 -0.0553973 -0.0536702 -0.503679 0.0560002 0.998383 0.00979572 -0.28404 0.0530407 -0.0127721 0.998511 18.6224
0.996957 -0.0552772 -0.0549613 -0.513802 0.0558448 0.9984 0.00884459 -0.282038 0.0543845 -0.011887 0.998449 18.8655
0.996468 -0.0608077 -0.0579106 -0.518626 0.0614035 0.998076 0.00856333 -0.297967 0.0572785 -0.012089 0.998285 19.1008
0.996157 -0.0636578 -0.0601614 -0.528159 0.0640819 0.997931 0.00514398 -0.284619 0.0597095 -0.00897947 0.998175 19.326
0.995362 -0.0721355 -0.0636417 -0.527364 0.0728459 0.997303 0.00891112 -0.294729 0.0628272 -0.0135058 0.997933 19.5636
0.994734 -0.0777242 -0.0668117 -0.535161 0.0784781 0.996878 0.00873052 -0.290809 0.0659245 -0.0139278 0.997727 19.7935
0.993575 -0.0888289 -0.0701305 -0.54512 0.0898492 0.995889 0.0115244 -0.317522 0.0688185 -0.0177515 0.997471 20.0032
0.995781 -0.0819194 -0.0413389 -0.768962 0.0823957 0.99655 0.00995011 -0.351257 0.0403811 -0.0133143 0.999096 20.0735
0.994839 -0.0907421 -0.0453997 -0.73184 0.0909249 0.995856 0.00197362 -0.302798 0.0450324 -0.0060914 0.998967 20.0585
0.994186 -0.101746 -0.0352487 -0.821892 0.101791 0.994806 -0.000540512 -0.28743 0.0351206 -0.00305061 0.999378 20.2067
0.994261 -0.0971511 -0.0448014 -0.737307 0.0974522 0.99523 0.0045808 -0.29808 0.0441427 -0.00892051 0.998985 20.1905
0.994669 -0.0945627 -0.0411275 -0.765003 0.0951226 0.995395 0.0118726 -0.337259 0.0398154 -0.0157215 0.999083 20.3012
0.993638 -0.104881 -0.04103 -0.77162 0.105396 0.994374 0.0106015 -0.314747 0.0396873 -0.0148584 0.999102 20.3529
0.99373 -0.105265 -0.0376808 -0.801997 0.105824 0.994298 0.0131723 -0.338458 0.0360794 -0.0170772 0.999203 20.4653
0.994358 -0.100597 -0.0336641 -0.827088 0.101151 0.994755 0.0151877 -0.350992 0.0319597 -0.0185072 0.999318 20.5554
0.995188 -0.0928725 -0.031219 -0.835712 0.0934185 0.99549 0.0165078 -0.367299 0.0295451 -0.0193448 0.999376 20.6096
0.995281 -0.0951811 -0.0188593 -0.932582 0.0954964 0.995291 0.0165929 -0.389992 0.0171911 -0.0183156 0.999684 20.7775
0.994847 -0.0936809 -0.0387678 -0.776011 0.0940273 0.995544 0.0072065 -0.317878 0.0379199 -0.0108146 0.999222 20.6693
0.994647 -0.101387 -0.0199688 -0.938767 0.101661 0.994731 0.0132126 -0.364809 0.018524 -0.0151719 0.999713 20.9617
0.995632 -0.0928218 -0.0100864 -1.00037 0.0929812 0.995528 0.0166843 -0.39908 0.00849264 -0.0175493 0.99981 21.0702
0.98766 -0.155493 -0.0187221 -0.980242 0.155286 0.987796 -0.0120458 -0.191236 0.0203667 0.00898987 0.999752 21.0366
0.99505 -0.0835703 -0.0537739 -0.660865 0.083313 0.996499 -0.00701172 -0.242979 0.0541716 0.00249694 0.998529 20.7278
0.996437 -0.0840583 -0.00690067 -1.03956 0.0841413 0.996372 0.0127701 -0.427149 0.0058022 -0.0133052 0.999895 21.3502
0.997593 -0.0690591 -0.00626762 -1.02761 0.0691538 0.997471 0.0164214 -0.439376 0.00511772 -0.0168153 0.999846 21.3507
0.997584 -0.0689009 -0.00889556 -1.01531 0.0690334 0.997493 0.0155734 -0.422653 0.00780023 -0.0161499 0.999839 21.4012
0.9977 -0.067221 -0.00870252 -1.02207 0.0673448 0.99762 0.0148103 -0.414109 0.00768625 -0.0153623 0.999852 21.4826
0.99738 -0.0722464 -0.00360345 -1.0499 0.0723077 0.997148 0.0215983 -0.440057 0.00203277 -0.0218023 0.99976 21.5462
0.996918 -0.0765963 -0.0169765 -0.992784 0.0771313 0.996458 0.033486 -0.481914 0.0143515 -0.0346922 0.999295 21.5525
0.997025 -0.073358 -0.0236624 -0.963332 0.0738451 0.997061 0.0204155 -0.443177 0.0220952 -0.0221021 0.999512 21.6102
0.997645 -0.0664774 -0.0168931 -1.00526 0.066754 0.997635 0.0163733 -0.456222 0.0157647 -0.0174624 0.999723 21.7088
0.998026 -0.061919 -0.0104533 -1.02979 0.0620882 0.99793 0.016728 -0.456256 0.00939585 -0.017344 0.999805 21.7227
0.997059 -0.0737633 -0.0208023 -1.00779 0.0743499 0.996811 0.0289953 -0.500109 0.0185971 -0.0304567 0.999363 21.8364
0.997434 -0.0711898 -0.00759826 -1.06155 0.0713371 0.997225 0.0212859 -0.446919 0.00606184 -0.0217733 0.999745 21.8614
0.997514 -0.0703616 -0.00383769 -1.07262 0.0704326 0.997241 0.0234391 -0.444153 0.00217788 -0.0236512 0.999718 21.914
0.997394 -0.0719492 -0.00541224 -1.06946 0.0720547 0.997139 0.0228333 -0.442357 0.00375392 -0.0231638 0.999725 21.9812
0.997581 -0.0694968 0.00137041 -1.08714 0.0694208 0.997103 0.0310868 -0.464065 -0.00352688 -0.0309165 0.999516 22.0106
0.998723 -0.0486341 0.0136775 -1.12934 0.0481869 0.998347 0.031313 -0.491992 -0.0151778 -0.0306139 0.999416 22.1166
0.997188 -0.0746668 -0.00645051 -1.06486 0.0748036 0.996897 0.0245236 -0.447032 0.00459939 -0.0249371 0.999678 22.1282
0.998817 -0.0486091 0.00128664 -1.02115 0.0484728 0.997419 0.052977 -0.543237 -0.00385848 -0.052852 0.998595 22.0536
0.997894 -0.0601354 0.0243073 -1.16079 0.0592335 0.997585 0.0362606 -0.502041 -0.0264292 -0.0347445 0.999047 22.2947
0.994721 -0.0650185 -0.079385 -0.506742 0.065305 0.997865 0.00101553 -0.22277 0.0791495 -0.00619441 0.996844 21.0386
0.99617 -0.0588442 -0.0646746 -0.626674 0.0590637 0.998253 0.00148464 -0.267155 0.0644743 -0.00529887 0.997905 21.2664
0.99546 -0.0349899 -0.0885169 -0.423445 0.0342429 0.999364 -0.00994447 -0.208887 0.0888086 0.00686825 0.996025 21.0182
0.998181 -0.0464035 -0.0384829 -0.820616 0.0469963 0.998788 0.0146456 -0.403524 0.0377567 -0.0164275 0.999152 21.7115
0.998092 -0.0402534 -0.0468289 -0.759735 0.0409756 0.999054 0.0145653 -0.373587 0.0461983 -0.0164563 0.998797 21.6754
0.998325 -0.0383342 -0.0433231 -0.786329 0.0393192 0.998982 0.022117 -0.408253 0.0424311 -0.0237834 0.998816 21.7999
0.998651 -0.0388272 -0.034466 -0.85025 0.0398481 0.998772 0.029444 -0.45701 0.0332804 -0.0307777 0.998972 21.9542
0.998724 -0.0342913 -0.0370655 -0.836183 0.0354699 0.99887 0.0316197 -0.469295 0.0359393 -0.0328941 0.998812 21.9052
0.998248 -0.0318128 -0.0498863 -0.749618 0.0330837 0.999143 0.0248604 -0.425962 0.0490527 -0.0264673 0.998445 21.7741
0.998182 -0.0337378 -0.0499426 -0.750825 0.0346903 0.99923 0.0183295 -0.388758 0.0492857 -0.0200287 0.998584 21.7711
0.998123 -0.0341596 -0.0508384 -0.745733 0.0351785 0.999195 0.0192819 -0.389596 0.0501389 -0.0210341 0.998521 21.7815
0.998192 -0.0329189 -0.0502829 -0.771131 0.0343317 0.999032 0.0274977 -0.439588 0.049329 -0.0291743 0.998356 21.984
0.9984 -0.027131 -0.0496043 -0.754569 0.0284003 0.999282 0.0250655 -0.425158 0.0488887 -0.0264342 0.998454 21.8387
0.998131 -0.0292308 -0.0536641 -0.740908 0.030435 0.9993 0.0217616 -0.411109 0.0529905 -0.0233542 0.998322 21.9347
0.998419 -0.0307561 -0.0470525 -0.785054 0.0315688 0.999363 0.0166284 -0.386244 0.0465111 -0.0180875 0.998754 21.9943
0.996996 -0.0439422 -0.0637805 -0.687731 0.0450482 0.998857 0.0160066 -0.37265 0.0630042 -0.0188317 0.997836 21.9382
0.99904 -0.0256798 -0.0355019 -0.867348 0.0264629 0.999413 0.0217676 -0.420985 0.0349221 -0.0226862 0.999133 22.1594
0.998217 -0.0306526 -0.0512181 -0.767714 0.0315183 0.999372 0.0161819 -0.380375 0.0506899 -0.0177673 0.998556 22.0635
0.996512 -0.062655 -0.05512 -0.766447 0.062976 0.998007 0.00410412 -0.305752 0.054753 -0.00756105 0.998471 22.1071
0.998287 -0.0322965 -0.048779 -0.80926 0.0335794 0.999105 0.025714 -0.44289 0.0479049 -0.0273079 0.998479 22.3169
0.997368 -0.0357403 -0.0630826 -0.717905 0.0359994 0.999347 0.00297425 -0.308589 0.0629351 -0.00523735 0.998004 22.1788
0.999207 -0.00212571 -0.0397491 -0.853599 0.00334428 0.999526 0.0306152 -0.482406 0.0396652 -0.0307239 0.998741 22.4292
0.998263 -0.0194813 -0.0556055 -0.780074 0.0211546 0.999336 0.0296645 -0.470543 0.0549907 -0.0307893 0.998012 22.472
0.997264 -0.0483501 -0.0559113 -0.786535 0.0497803 0.99846 0.0244764 -0.430824 0.0546418 -0.0271927 0.998136 22.4396
0.991811 -0.120045 -0.0436001 -0.823373 0.117324 0.991257 -0.0603772 0.109847 0.0504668 0.0547674 0.997223 21.9851
0.993646 -0.097171 -0.0567905 -0.779179 0.0966483 0.995248 -0.011887 -0.197819 0.0576757 0.00632278 0.998315 22.3224
0.99159 -0.119695 -0.0492182 -0.815925 0.118072 0.9924 -0.0346682 -0.0592186 0.0529937 0.0285653 0.998186 22.2465
0.992889 -0.110538 -0.0441983 -0.858976 0.110309 0.993868 -0.00758716 -0.226045 0.0447659 0.00265774 0.998994 22.4597
0.993379 -0.107832 -0.0396224 -0.877812 0.107555 0.994158 -0.00908238 -0.214961 0.0403703 0.00476067 0.999173 22.487
0.993296 -0.108264 -0.040528 -0.873796 0.108126 0.994121 -0.00559555 -0.221776 0.0408956 0.00117592 0.999163 22.5312
0.993361 -0.108036 -0.0395168 -0.877238 0.107794 0.994139 -0.00822467 -0.207437 0.0401738 0.0039104 0.999185 22.5689
0.993352 -0.109689 -0.0349254 -0.898922 0.109416 0.993949 -0.00964139 -0.208502 0.0357716 0.0057559 0.999343 22.6176
0.993442 -0.110261 -0.0302675 -0.921111 0.11018 0.993902 -0.00434217 -0.243152 0.0305618 0.000978806 0.999532 22.6748
0.993876 -0.104281 -0.0365402 -0.889187 0.104082 0.994542 -0.00731143 -0.22785 0.0371032 0.0034635 0.999305 22.7128
0.994219 -0.10489 -0.0229461 -0.965089 0.105193 0.994374 0.0124171 -0.326604 0.0215146 -0.0147591 0.99966 22.8433
0.994541 -0.102608 -0.0189903 -0.975421 0.102637 0.994719 0.000538465 -0.263171 0.0188347 -0.00248462 0.99982 22.8274
0.993309 -0.112859 -0.0244825 -0.95612 0.112751 0.993607 -0.00575732 -0.22821 0.0249757 0.00295838 0.999684 22.845
0.992584 -0.112848 -0.0451978 -0.865637 0.112086 0.993515 -0.0190718 -0.168732 0.047057 0.0138643 0.998796 22.8814
0.993366 -0.108925 -0.0368812 -0.903066 0.108283 0.993939 -0.0189652 -0.17134 0.0387235 0.0148458 0.99914 22.9267
0.992504 -0.121864 -0.00923406 -1.04203 0.122012 0.992372 0.0176159 -0.339534 0.00701687 -0.0186106 0.999802 23.1028
0.991 -0.125163 -0.0474662 -0.863438 0.124424 0.992062 -0.0182179 -0.166348 0.0493696 0.012148 0.998707 22.9641
0.990818 -0.135086 -0.00568623 -1.06567 0.135198 0.99033 0.0311198 -0.395598 0.00142742 -0.0316028 0.999499 23.2245
0.991208 -0.127898 -0.0338902 -0.938648 0.128074 0.99176 0.00307508 -0.271908 0.0332177 -0.00738851 0.999421 23.1436
0.981549 -0.191121 -0.00590402 -1.09199 0.191032 0.981496 -0.013097 -0.193189 0.00829789 0.0117275 0.999897 23.2294
0.993377 -0.107679 -0.0401001 -0.92047 0.107991 0.994136 0.00570035 -0.306602 0.0392511 -0.00999304 0.999179 23.3271
0.987669 -0.154751 0.0237187 -1.20157 0.153394 0.986842 0.0511218 -0.473379 -0.0313178 -0.0468531 0.998411 23.5232
0.987144 -0.154041 -0.0426306 -0.910731 0.153997 0.988062 -0.00433893 -0.221371 0.04279 -0.00228182 0.999081 23.2399
0.972181 -0.234089 0.00815109 -1.17263 0.233715 0.971762 0.0324929 -0.387362 -0.0155271 -0.029684 0.999439 23.4579
0.992132 -0.0916311 -0.0853157 -0.703121 0.091522 0.995789 -0.00519736 -0.243963 0.0854327 -0.0026518 0.99634 23.3181
0.989421 -0.145024 -0.0037843 -1.0616 0.145072 0.988928 0.0312325 -0.382082 -0.000787072 -0.031451 0.999505 23.4603
0.977174 -0.207995 0.043222 -1.25651 0.203476 0.974846 0.0909579 -0.5899 -0.0610536 -0.080087 0.994916 23.6591
0.979786 -0.194977 0.0447632 -1.25419 0.190204 0.977277 0.0935498 -0.595902 -0.0619861 -0.0831446 0.994608 23.6817
0.978808 -0.197367 0.054592 -1.28495 0.191407 0.97654 0.0986516 -0.610817 -0.0727819 -0.0861117 0.993623 23.7453
0.978574 -0.197707 0.0574887 -1.29247 0.193335 0.978361 0.073697 -0.519217 -0.0708152 -0.0610034 0.995622 23.762
0.97183 -0.223829 0.0738038 -1.34863 0.214332 0.96958 0.118224 -0.667575 -0.0980207 -0.0990754 0.99024 23.8676
0.984704 -0.167307 0.0486483 -1.23912 0.159865 0.978592 0.129618 -0.711262 -0.0692928 -0.119858 0.99037 23.9535
0.983756 -0.173682 0.0453681 -1.2267 0.167148 0.978438 0.121324 -0.676901 -0.0654618 -0.11177 0.991576 23.9624
0.98285 -0.175416 0.0568776 -1.26119 0.166713 0.977058 0.132531 -0.703323 -0.0788208 -0.120776 0.989546 24.0338
0.982626 -0.175569 0.0601731 -1.27051 0.164811 0.974534 0.152057 -0.757916 -0.0853372 -0.139498 0.986538 24.1096
0.981499 -0.180265 0.0645259 -1.28134 0.168571 0.973391 0.155224 -0.766492 -0.0907905 -0.141475 0.98577 24.1666
0.982123 -0.179948 0.0552618 -1.24941 0.170906 0.975442 0.138936 -0.720046 -0.0789059 -0.127008 0.988758 24.1749
0.976113 -0.198957 0.0872899 -1.35213 0.182828 0.969249 0.164715 -0.782308 -0.117377 -0.144821 0.982471 24.287
0.975733 -0.198364 0.0927241 -1.3666 0.179554 0.967199 0.179682 -0.817225 -0.125325 -0.158673 0.979345 24.3519
0.964035 -0.2411 0.111833 -1.42379 0.210053 0.948982 0.235182 -0.963639 -0.16283 -0.203233 0.965496 24.4268
0.962419 -0.242212 0.122811 -1.45439 0.208251 0.948503 0.238692 -0.961221 -0.1743 -0.204146 0.963298 24.502
0.974296 -0.202099 0.0995179 -1.37992 0.17812 0.961574 0.208921 -0.873839 -0.137917 -0.185825 0.972856 24.5431
0.978827 -0.188524 0.079724 -1.32142 0.173147 0.970337 0.168718 -0.773119 -0.109167 -0.151342 0.982435 24.4695
0.946285 -0.221021 0.235998 -1.74467 0.189232 0.9704 0.150051 -0.691034 -0.262177 -0.0973329 0.960099 24.637
0.932293 -0.218928 0.287925 -1.8742 0.179548 0.971133 0.157044 -0.704609 -0.313995 -0.0947141 0.944688 24.718
0.945276 -0.201316 0.256761 -1.77425 0.198437 0.979402 0.0373568 -0.386705 -0.258992 0.0156382 0.965753 24.7317
0.943432 -0.224178 0.244296 -1.73244 0.185078 0.967381 0.172974 -0.727932 -0.275105 -0.117975 0.954148 24.7957
0.977019 -0.207035 0.0506936 -1.23425 0.209885 0.975919 -0.0594245 -0.139543 -0.0371699 0.0686987 0.996945 24.7017
0.977147 -0.210495 -0.0295947 -1.03252 0.209794 0.977423 -0.0251181 -0.232131 0.0342138 0.0183352 0.999246 24.7586
0.977234 -0.211869 0.0111999 -1.13309 0.211976 0.977229 -0.00943305 -0.277025 -0.00894635 0.0115924 0.999893 24.7895
0.964061 -0.218899 0.150561 -1.47295 0.223101 0.974729 -0.0113968 -0.274895 -0.144262 0.0445776 0.988535 24.8357
0.978577 -0.203359 -0.0321385 -1.03364 0.202572 0.978919 -0.0261202 -0.250308 0.0367727 0.0190502 0.999142 24.9036
0.976202 -0.21565 -0.0229146 -1.06155 0.214668 0.975906 -0.0390536 -0.215273 0.0307844 0.0332051 0.998974 24.9228
0.980652 -0.192141 -0.037473 -1.02518 0.191202 0.981172 -0.0272512 -0.244457 0.0420036 0.019559 0.998926 24.9743
0.980652 -0.192141 -0.037473 -0.64404 0.191202 0.981172 -0.0272512 -0.58002 0.0420036 0.019559 0.998926 25.0422
0.97587 -0.213073 0.0477306 -1.20321 0.215537 0.974983 -0.0543303 -0.235442 -0.0349602 0.063307 0.997382 25.6966
0.976124 -0.210894 0.0520092 -1.21117 0.213962 0.974815 -0.0628902 -0.204043 -0.0374362 0.0725167 0.996664 25.7941
0.992456 -0.112398 0.0489616 -1.21878 0.113944 0.993034 -0.0300095 -0.270109 -0.0452476 0.035362 0.99835 25.2399
0.964344 -0.258259 -0.0578231 -0.720413 0.251224 0.962008 -0.106901 0.477093 0.0832343 0.0885623 0.992587 21.8862
0.975924 -0.211594 0.0529272 -1.19891 0.214501 0.975054 -0.0570856 -0.267505 -0.0395279 0.0670641 0.996965 26.1859
0.976985 -0.207301 0.0502667 -1.17544 0.210086 0.975933 -0.0584709 -0.281841 -0.0369358 0.0676855 0.997023 26.3357
0.973646 -0.199915 0.109757 -1.36231 0.206717 0.976885 -0.0544378 -0.266574 -0.0963367 0.0756917 0.992467 26.099
0.911344 -0.406597 -0.0642742 -0.751911 0.396136 0.908707 -0.131633 0.46349 0.111928 0.0945019 0.989213 22.9692
0.972046 -0.20804 0.108838 -1.38207 0.214509 0.975367 -0.0514278 -0.298528 -0.0954579 0.0733368 0.992728 26.4749
0.972046 -0.20804 0.108838 -6.6769 0.214509 0.975367 -0.0514278 -2.66198 -0.0954579 0.0733368 0.992728 30.5052
0.972763 -0.204283 0.109547 -1.28323 0.210936 0.976066 -0.0529168 -0.374126 -0.0961147 0.0745829 0.992572 27.4671
0.972924 -0.202827 0.110813 -1.2449 0.209815 0.976169 -0.0554164 -0.40673 -0.0969322 0.0771662 0.992295 27.9488
0.973342 -0.201434 0.109676 -1.194 0.20852 0.976333 -0.0573861 -0.463256 -0.0955212 0.078726 0.992309 28.4916
0.97387 -0.197729 0.111719 -1.16037 0.205124 0.976956 -0.0589963 -0.478645 -0.0974797 0.080371 0.991987 28.9178
0.974419 -0.196402 0.109239 -1.11647 0.203269 0.97754 -0.0556504 -0.536077 -0.0958552 0.0764317 0.992457 29.4601
0.974618 -0.195885 0.108394 -1.07808 0.202411 0.977877 -0.0527899 -0.578439 -0.0956553 0.0733901 0.992705 29.9581
0.974974 -0.195299 0.106224 -1.03167 0.201816 0.97791 -0.0544184 -0.622312 -0.0932493 0.0744942 0.992852 30.4717
0.974554 -0.197462 0.106078 -1.00167 0.204006 0.977438 -0.0547447 -0.66333 -0.0928743 0.0749921 0.99285 30.9506
0.975008 -0.194046 0.108196 -0.896269 0.200622 0.978206 -0.053522 -0.696091 -0.0954521 0.0738908 0.992688 31.2203
0.975061 -0.194758 0.106418 -0.790522 0.200961 0.978273 -0.05096 -0.744818 -0.0941814 0.0710751 0.993015 31.6114
0.966266 -0.170053 0.193422 -1.35747 0.185327 0.980611 -0.0636932 -0.51024 -0.178841 0.097391 0.979046 30.4375
0.968039 -0.146281 0.203719 -1.33563 0.164177 0.983665 -0.0738162 -0.554975 -0.189593 0.104903 0.976243 30.9704
0.954831 -0.211107 0.209121 -1.33533 0.2212 0.974886 -0.0258352 -0.81617 -0.198415 0.0709256 0.977549 31.3901
0.960026 -0.0939835 0.26366 -1.56995 0.126617 0.985877 -0.109608 -0.423917 -0.249636 0.13861 0.958368 31.1874
0.97579 -0.129741 0.176072 -1.21383 0.137028 0.990118 -0.0298273 -0.668844 -0.170462 0.053232 0.983925 30.2063
0.973039 -0.14404 0.180135 -1.15911 0.162207 0.982598 -0.0904928 -0.51638 -0.163966 0.117272 0.979471 31.2752
0.975353 -0.130493 0.177928 -1.11337 0.150528 0.983105 -0.104141 -0.51311 -0.161332 0.128357 0.978517 31.5674
0.974468 -0.121603 0.188746 -1.16913 0.138009 0.987487 -0.0763124 -0.585112 -0.177104 0.100413 0.979056 31.2758
0.973396 -0.130393 0.188407 -1.1553 0.147575 0.985795 -0.080186 -0.580133 -0.175275 0.105857 0.978812 31.3857
0.972353 -0.149204 0.179634 -1.09254 0.167442 0.981675 -0.0909795 -0.575419 -0.162768 0.118542 0.979517 31.7249
0.973215 -0.110583 0.201556 -1.16266 0.12885 0.988444 -0.0798465 -0.613011 -0.190397 0.103678 0.976217 31.6286
0.970172 -0.163721 0.178775 -1.0788 0.177676 0.981943 -0.0649487 -0.659292 -0.164914 0.0947756 0.981744 31.6646
0.971446 -0.123678 0.202477 -1.15526 0.138513 0.988495 -0.0607651 -0.666261 -0.192632 0.0870758 0.9774 31.5651
0.972247 -0.141295 0.186473 -1.06451 0.155772 0.98563 -0.0653398 -0.676315 -0.174561 0.0925735 0.980285 31.8253
0.970874 -0.135371 0.197683 -1.09091 0.151128 0.98625 -0.0668613 -0.684798 -0.185914 0.0947894 0.977983 31.955
0.96993 -0.128859 0.206474 -1.10917 0.143585 0.987941 -0.0579337 -0.718395 -0.196519 0.0858381 0.976735 31.9663
0.969491 -0.13946 0.201589 -1.07587 0.15436 0.986185 -0.0601092 -0.715926 -0.190421 0.0893925 0.977624 32.0599
0.968708 -0.149176 0.198372 -1.05343 0.161885 0.985574 -0.0493746 -0.752327 -0.188145 0.079943 0.978882 32.1054
0.969302 -0.116365 0.216592 -1.07846 0.134149 0.988538 -0.0692517 -0.712079 -0.206051 0.0961815 0.973803 32.2632
0.96586 -0.128625 0.224878 -1.10469 0.144505 0.987942 -0.0555746 -0.776876 -0.215018 0.0861733 0.972801 32.3902
0.964432 -0.140186 0.224098 -1.09013 0.155005 0.986654 -0.0498724 -0.795383 -0.214115 0.0828346 0.97329 32.4765
0.963294 -0.133794 0.232731 -1.09804 0.149678 0.987371 -0.0519045 -0.798802 -0.222847 0.084834 0.971155 32.5736
0.960808 -0.134768 0.242249 -1.10936 0.151682 0.987034 -0.0524951 -0.809969 -0.232034 0.0871826 0.968793 32.6893
0.966119 -0.131183 0.222274 -1.0136 0.145444 0.988153 -0.0489806 -0.823755 -0.213215 0.0796495 0.973753 32.7377
0.959163 -0.136854 0.247541 -1.08975 0.150583 0.987893 -0.0373104 -0.869044 -0.239438 0.0730622 0.968159 32.8342
0.954825 -0.138172 0.263092 -1.10376 0.156994 0.98624 -0.0518095 -0.836091 -0.252313 0.0907728 0.963379 33.0082
0.953634 -0.136079 0.268448 -1.10404 0.156118 0.986225 -0.0546651 -0.831816 -0.257312 0.0940401 0.961742 33.0752
0.955872 -0.132667 0.262121 -1.05822 0.150783 0.987294 -0.0501578 -0.852074 -0.252136 0.0874678 0.963731 33.1466
